(755, 1)
(755, 2)
(755, 3)
(756, 3)
(756, 4)
(756, 5)
(755, 5)
(754, 5)
(754, 6)
(753, 6)
(753, 7)
(753, 8)
(754, 8)
(754, 9)
(754, 10)
(753, 10)
(752, 10)
(751, 10)
(750, 10)
(750, 9)
(749, 9)
(749, 8)
(748, 8)
(747, 8)
(746, 8)
(746, 9)
(746, 10)
(746, 11)
(747, 11)
(747, 12)
(747, 13)
(748, 13)
(748, 14)
(748, 15)
(747, 15)
(746, 15)
(746, 16)
(745, 16)
(745, 15)
(744, 15)
(744, 16)
(743, 16)
(742, 16)
(742, 17)
(742, 18)
(741, 18)
(740, 18)
(739, 18)
(739, 19)
(739, 20)
(739, 21)
(740, 21)
(741, 21)
(741, 22)
(740, 22)
(740, 23)
(740, 24)
(741, 24)
(742, 24)
(742, 25)
(743, 25)
(743, 26)
(743, 27)
(742, 27)
(741, 27)
(741, 28)
(742, 28)
(743, 28)
(744, 28)
(745, 28)
(746, 28)
(746, 29)
(746, 30)
(747, 30)
(747, 29)
(748, 29)
(749, 29)
(749, 28)
(748, 28)
(748, 27)
(749, 27)
(749, 26)
(748, 26)
(748, 25)
(748, 24)
(749, 24)
(749, 23)
(749, 22)
(749, 21)
(749, 20)
(750, 20)
(750, 19)
(750, 18)
(750, 17)
(751, 17)
(752, 17)
(752, 18)
(752, 19)
(753, 19)
(753, 18)
(753, 17)
(754, 17)
(754, 18)
(755, 18)
(756, 18)
(756, 19)
(757, 19)
(757, 20)
(758, 20)
(759, 20)
(760, 20)
(761, 20)
(761, 21)
(760, 21)
(760, 22)
(761, 22)
(761, 23)
(761, 24)
(760, 24)
(760, 25)
(761, 25)
(761, 26)
(762, 26)
(763, 26)
(763, 25)
(764, 25)
(765, 25)
(765, 26)
(764, 26)
(764, 27)
(765, 27)
(766, 27)
(766, 28)
(766, 29)
(767, 29)
(768, 29)
(769, 29)
(770, 29)
(771, 29)
(771, 30)
(770, 30)
(770, 31)
(769, 31)
(768, 31)
(767, 31)
(767, 32)
(766, 32)
(766, 33)
(765, 33)
(765, 34)
(764, 34)
(763, 34)
(763, 35)
(762, 35)
(762, 34)
(761, 34)
(760, 34)
(760, 33)
(759, 33)
(759, 34)
(759, 35)
(759, 36)
(758, 36)
(758, 37)
(758, 38)
(757, 38)
(756, 38)
(755, 38)
(754, 38)
(753, 38)
(752, 38)
(751, 38)
(750, 38)
(749, 38)
(749, 39)
(748, 39)
(747, 39)
(747, 40)
(747, 41)
(748, 41)
(748, 42)
(749, 42)
(750, 42)
(750, 43)
(749, 43)
(749, 44)
(749, 45)
(750, 45)
(750, 46)
(751, 46)
(752, 46)
(753, 46)
(753, 47)
(753, 48)
(754, 48)
(754, 49)
(754, 50)
(753, 50)
(752, 50)
(752, 49)
(751, 49)
(751, 50)
(750, 50)
(750, 51)
(750, 52)
(749, 52)
(749, 53)
(750, 53)
(751, 53)
(751, 54)
(751, 55)
(751, 56)
(750, 56)
(749, 56)
(748, 56)
(748, 57)
(747, 57)
(746, 57)
(746, 58)
(746, 59)
(745, 59)
(744, 59)
(744, 60)
(743, 60)
(742, 60)
(741, 60)
(740, 60)
(740, 59)
(740, 58)
(739, 58)
(738, 58)
(737, 58)
(737, 57)
(737, 56)
(736, 56)
(736, 55)
(735, 55)
(735, 56)
(735, 57)
(734, 57)
(733, 57)
(733, 56)
(732, 56)
(731, 56)
(730, 56)
(730, 57)
(730, 58)
(729, 58)
(729, 59)
(729, 60)
(729, 61)
(728, 61)
(728, 60)
(727, 60)
(727, 61)
(727, 62)
(726, 62)
(726, 63)
(726, 64)
(725, 64)
(725, 65)
(724, 65)
(723, 65)
(722, 65)
(721, 65)
(720, 65)
(720, 66)
(721, 66)
(721, 67)
(722, 67)
(723, 67)
(723, 68)
(723, 69)
(723, 70)
(722, 70)
(721, 70)
(720, 70)
(720, 69)
(720, 68)
(719, 68)
(718, 68)
(717, 68)
(716, 68)
(716, 67)
(716, 66)
(715, 66)
(714, 66)
(714, 65)
(714, 64)
(713, 64)
(712, 64)
(711, 64)
(711, 63)
(711, 62)
(710, 62)
(709, 62)
(709, 61)
(708, 61)
(708, 60)
(707, 60)
(706, 60)
(706, 59)
(705, 59)
(705, 58)
(705, 57)
(704, 57)
(704, 56)
(703, 56)
(703, 57)
(703, 58)
(702, 58)
(702, 57)
(701, 57)
(700, 57)
(700, 58)
(699, 58)
(699, 59)
(698, 59)
(698, 58)
(697, 58)
(697, 59)
(696, 59)
(695, 59)
(695, 60)
(695, 61)
(694, 61)
(694, 60)
(693, 60)
(693, 61)
(693, 62)
(692, 62)
(691, 62)
(690, 62)
(690, 61)
(690, 60)
(689, 60)
(688, 60)
(687, 60)
(686, 60)
(686, 61)
(687, 61)
(687, 62)
(687, 63)
(686, 63)
(686, 62)
(685, 62)
(685, 61)
(684, 61)
(684, 62)
(683, 62)
(682, 62)
(682, 61)
(683, 61)
(683, 60)
(684, 60)
(684, 59)
(683, 59)
(682, 59)
(682, 60)
(681, 60)
(681, 59)
(680, 59)
(679, 59)
(679, 58)
(679, 57)
(679, 56)
(679, 55)
(678, 55)
(677, 55)
(677, 54)
(677, 53)
(678, 53)
(679, 53)
(679, 52)
(680, 52)
(681, 52)
(681, 51)
(681, 50)
(681, 49)
(681, 48)
(681, 47)
(681, 46)
(680, 46)
(680, 47)
(679, 47)
(679, 48)
(678, 48)
(677, 48)
(677, 47)
(676, 47)
(676, 48)
(675, 48)
(674, 48)
(673, 48)
(673, 47)
(673, 46)
(673, 45)
(673, 44)
(672, 44)
(671, 44)
(671, 45)
(670, 45)
(669, 45)
(669, 44)
(668, 44)
(668, 43)
(668, 42)
(667, 42)
(667, 41)
(667, 40)
(666, 40)
(665, 40)
(664, 40)
(664, 41)
(665, 41)
(665, 42)
(666, 42)
(666, 43)
(665, 43)
(665, 44)
(665, 45)
(664, 45)
(663, 45)
(662, 45)
(662, 44)
(661, 44)
(661, 45)
(661, 46)
(661, 47)
(661, 48)
(661, 49)
(660, 49)
(659, 49)
(659, 50)
(659, 51)
(659, 52)
(660, 52)
(661, 52)
(661, 53)
(661, 54)
(661, 55)
(661, 56)
(660, 56)
(660, 57)
(660, 58)
(661, 58)
(662, 58)
(663, 58)
(664, 58)
(664, 59)
(664, 60)
(664, 61)
(664, 62)
(663, 62)
(663, 61)
(662, 61)
(662, 62)
(662, 63)
(661, 63)
(661, 64)
(660, 64)
(660, 65)
(659, 65)
(659, 66)
(659, 67)
(659, 68)
(660, 68)
(661, 68)
(661, 69)
(661, 70)
(662, 70)
(663, 70)
(664, 70)
(665, 70)
(666, 70)
(666, 71)
(665, 71)
(664, 71)
(663, 71)
(663, 72)
(663, 73)
(662, 73)
(661, 73)
(661, 74)
(661, 75)
(661, 76)
(660, 76)
(659, 76)
(659, 75)
(658, 75)
(657, 75)
(657, 74)
(656, 74)
(656, 73)
(656, 72)
(656, 71)
(655, 71)
(654, 71)
(654, 70)
(654, 69)
(653, 69)
(652, 69)
(651, 69)
(650, 69)
(650, 70)
(649, 70)
(649, 69)
(648, 69)
(648, 68)
(648, 67)
(649, 67)
(649, 66)
(650, 66)
(650, 65)
(650, 64)
(649, 64)
(649, 63)
(648, 63)
(647, 63)
(646, 63)
(645, 63)
(644, 63)
(643, 63)
(643, 64)
(643, 65)
(642, 65)
(641, 65)
(640, 65)
(640, 66)
(640, 67)
(640, 68)
(639, 68)
(639, 67)
(638, 67)
(638, 68)
(638, 69)
(638, 70)
(638, 71)
(638, 72)
(637, 72)
(636, 72)
(636, 73)
(636, 74)
(635, 74)
(634, 74)
(633, 74)
(632, 74)
(632, 75)
(632, 76)
(631, 76)
(631, 77)
(630, 77)
(629, 77)
(628, 77)
(628, 78)
(629, 78)
(629, 79)
(628, 79)
(628, 80)
(627, 80)
(627, 81)
(627, 82)
(626, 82)
(625, 82)
(624, 82)
(624, 81)
(624, 80)
(624, 79)
(624, 78)
(624, 77)
(623, 77)
(622, 77)
(621, 77)
(621, 76)
(620, 76)
(620, 77)
(619, 77)
(619, 78)
(619, 79)
(620, 79)
(620, 80)
(621, 80)
(621, 81)
(621, 82)
(620, 82)
(620, 83)
(620, 84)
(621, 84)
(621, 85)
(621, 86)
(622, 86)
(623, 86)
(623, 87)
(622, 87)
(622, 88)
(622, 89)
(622, 90)
(622, 91)
(623, 91)
(624, 91)
(624, 92)
(625, 92)
(625, 93)
(624, 93)
(624, 94)
(623, 94)
(623, 93)
(622, 93)
(621, 93)
(621, 94)
(622, 94)
(622, 95)
(621, 95)
(621, 96)
(622, 96)
(623, 96)
(623, 97)
(622, 97)
(622, 98)
(621, 98)
(620, 98)
(620, 99)
(621, 99)
(621, 100)
(620, 100)
(620, 101)
(620, 102)
(621, 102)
(621, 103)
(621, 104)
(620, 104)
(620, 105)
(619, 105)
(619, 106)
(619, 107)
(619, 108)
(619, 109)
(619, 110)
(620, 110)
(621, 110)
(622, 110)
(622, 109)
(623, 109)
(624, 109)
(625, 109)
(626, 109)
(627, 109)
(627, 110)
(628, 110)
(629, 110)
(630, 110)
(631, 110)
(632, 110)
(632, 111)
(633, 111)
(634, 111)
(634, 112)
(635, 112)
(635, 113)
(635, 114)
(634, 114)
(633, 114)
(632, 114)
(632, 115)
(632, 116)
(632, 117)
(633, 117)
(634, 117)
(635, 117)
(635, 118)
(635, 119)
(634, 119)
(634, 120)
(634, 121)
(634, 122)
(634, 123)
(634, 124)
(633, 124)
(633, 125)
(633, 126)
(633, 127)
(634, 127)
(634, 128)
(634, 129)
(635, 129)
(635, 130)
(634, 130)
(633, 130)
(632, 130)
(632, 129)
(631, 129)
(630, 129)
(630, 130)
(630, 131)
(629, 131)
(629, 132)
(628, 132)
(627, 132)
(627, 133)
(626, 133)
(626, 132)
(625, 132)
(625, 131)
(624, 131)
(624, 132)
(623, 132)
(623, 131)
(622, 131)
(621, 131)
(620, 131)
(620, 132)
(620, 133)
(620, 134)
(621, 134)
(622, 134)
(622, 135)
(623, 135)
(624, 135)
(625, 135)
(625, 136)
(626, 136)
(627, 136)
(628, 136)
(629, 136)
(629, 137)
(630, 137)
(630, 136)
(631, 136)
(632, 136)
(632, 135)
(633, 135)
(634, 135)
(634, 136)
(634, 137)
(635, 137)
(635, 138)
(635, 139)
(634, 139)
(634, 140)
(633, 140)
(633, 141)
(632, 141)
(631, 141)
(631, 142)
(630, 142)
(630, 143)
(630, 144)
(629, 144)
(629, 145)
(630, 145)
(631, 145)
(632, 145)
(633, 145)
(633, 146)
(633, 147)
(633, 148)
(633, 149)
(634, 149)
(635, 149)
(635, 150)
(636, 150)
(637, 150)
(637, 149)
(638, 149)
(638, 150)
(638, 151)
(638, 152)
(639, 152)
(639, 153)
(638, 153)
(637, 153)
(636, 153)
(636, 152)
(635, 152)
(634, 152)
(633, 152)
(632, 152)
(631, 152)
(630, 152)
(629, 152)
(628, 152)
(628, 153)
(627, 153)
(626, 153)
(626, 152)
(625, 152)
(624, 152)
(624, 153)
(624, 154)
(624, 155)
(624, 156)
(624, 157)
(624, 158)
(624, 159)
(623, 159)
(623, 158)
(622, 158)
(622, 157)
(621, 157)
(621, 158)
(620, 158)
(619, 158)
(619, 157)
(618, 157)
(618, 156)
(617, 156)
(616, 156)
(616, 155)
(617, 155)
(617, 154)
(618, 154)
(619, 154)
(620, 154)
(620, 153)
(620, 152)
(620, 151)
(619, 151)
(619, 152)
(619, 153)
(618, 153)
(617, 153)
(617, 152)
(617, 151)
(617, 150)
(616, 150)
(616, 151)
(615, 151)
(615, 150)
(614, 150)
(614, 149)
(614, 148)
(614, 147)
(614, 146)
(613, 146)
(612, 146)
(612, 145)
(612, 144)
(611, 144)
(610, 144)
(609, 144)
(608, 144)
(607, 144)
(607, 143)
(607, 142)
(606, 142)
(606, 143)
(605, 143)
(604, 143)
(604, 144)
(604, 145)
(605, 145)
(605, 146)
(605, 147)
(605, 148)
(605, 149)
(605, 150)
(606, 150)
(606, 151)
(606, 152)
(606, 153)
(605, 153)
(604, 153)
(604, 154)
(603, 154)
(603, 155)
(602, 155)
(602, 154)
(601, 154)
(601, 153)
(600, 153)
(599, 153)
(598, 153)
(598, 152)
(598, 151)
(597, 151)
(597, 152)
(597, 153)
(596, 153)
(596, 154)
(595, 154)
(594, 154)
(593, 154)
(593, 153)
(593, 152)
(593, 151)
(592, 151)
(592, 150)
(592, 149)
(592, 148)
(593, 148)
(593, 147)
(593, 146)
(594, 146)
(595, 146)
(595, 145)
(594, 145)
(593, 145)
(593, 144)
(593, 143)
(593, 142)
(594, 142)
(594, 141)
(595, 141)
(596, 141)
(596, 140)
(595, 140)
(594, 140)
(594, 139)
(593, 139)
(593, 140)
(592, 140)
(591, 140)
(590, 140)
(589, 140)
(588, 140)
(588, 139)
(587, 139)
(587, 140)
(587, 141)
(586, 141)
(585, 141)
(584, 141)
(584, 142)
(585, 142)
(585, 143)
(585, 144)
(584, 144)
(584, 145)
(584, 146)
(583, 146)
(583, 147)
(583, 148)
(583, 149)
(582, 149)
(581, 149)
(580, 149)
(580, 148)
(580, 147)
(580, 146)
(579, 146)
(579, 147)
(579, 148)
(578, 148)
(578, 149)
(578, 150)
(577, 150)
(576, 150)
(576, 151)
(575, 151)
(575, 152)
(575, 153)
(575, 154)
(576, 154)
(577, 154)
(578, 154)
(578, 155)
(578, 156)
(579, 156)
(579, 157)
(579, 158)
(579, 159)
(578, 159)
(577, 159)
(577, 160)
(578, 160)
(578, 161)
(578, 162)
(578, 163)
(577, 163)
(577, 164)
(578, 164)
(579, 164)
(580, 164)
(581, 164)
(582, 164)
(582, 165)
(581, 165)
(580, 165)
(580, 166)
(581, 166)
(582, 166)
(582, 167)
(582, 168)
(582, 169)
(582, 170)
(582, 171)
(581, 171)
(581, 172)
(581, 173)
(580, 173)
(579, 173)
(578, 173)
(578, 174)
(579, 174)
(579, 175)
(578, 175)
(578, 176)
(578, 177)
(577, 177)
(576, 177)
(575, 177)
(575, 176)
(575, 175)
(574, 175)
(574, 176)
(573, 176)
(573, 175)
(572, 175)
(572, 176)
(571, 176)
(570, 176)
(570, 177)
(569, 177)
(569, 178)
(569, 179)
(569, 180)
(568, 180)
(568, 181)
(569, 181)
(570, 181)
(570, 182)
(569, 182)
(568, 182)
(568, 183)
(567, 183)
(567, 184)
(567, 185)
(566, 185)
(565, 185)
(564, 185)
(564, 186)
(564, 187)
(564, 188)
(564, 189)
(563, 189)
(563, 190)
(562, 190)
(562, 191)
(562, 192)
(561, 192)
(560, 192)
(559, 192)
(559, 193)
(559, 194)
(559, 195)
(559, 196)
(558, 196)
(557, 196)
(556, 196)
(556, 197)
(557, 197)
(558, 197)
(559, 197)
(559, 198)
(559, 199)
(559, 200)
(560, 200)
(560, 201)
(559, 201)
(559, 202)
(560, 202)
(560, 203)
(561, 203)
(562, 203)
(563, 203)
(563, 204)
(563, 205)
(563, 206)
(562, 206)
(561, 206)
(560, 206)
(560, 205)
(559, 205)
(558, 205)
(557, 205)
(557, 206)
(556, 206)
(556, 207)
(555, 207)
(555, 208)
(555, 209)
(555, 210)
(556, 210)
(556, 211)
(555, 211)
(554, 211)
(553, 211)
(553, 212)
(552, 212)
(552, 213)
(552, 214)
(552, 215)
(553, 215)
(553, 216)
(552, 216)
(551, 216)
(551, 217)
(551, 218)
(552, 218)
(552, 219)
(551, 219)
(551, 220)
(550, 220)
(549, 220)
(549, 219)
(549, 218)
(548, 218)
(548, 219)
(547, 219)
(547, 220)
(546, 220)
(545, 220)
(545, 221)
(544, 221)
(543, 221)
(543, 222)
(543, 223)
(542, 223)
(542, 222)
(541, 222)
(541, 221)
(540, 221)
(540, 222)
(539, 222)
(539, 223)
(539, 224)
(538, 224)
(537, 224)
(536, 224)
(535, 224)
(534, 224)
(533, 224)
(533, 225)
(532, 225)
(532, 224)
(531, 224)
(531, 223)
(531, 222)
(531, 221)
(530, 221)
(530, 220)
(530, 219)
(529, 219)
(528, 219)
(527, 219)
(527, 218)
(527, 217)
(526, 217)
(526, 216)
(527, 216)
(528, 216)
(528, 215)
(528, 214)
(527, 214)
(527, 213)
(527, 212)
(526, 212)
(526, 211)
(526, 210)
(525, 210)
(525, 209)
(524, 209)
(524, 210)
(523, 210)
(523, 211)
(523, 212)
(522, 212)
(522, 211)
(521, 211)
(521, 212)
(520, 212)
(520, 213)
(520, 214)
(520, 215)
(520, 216)
(520, 217)
(520, 218)
(520, 219)
(519, 219)
(518, 219)
(517, 219)
(517, 220)
(516, 220)
(516, 221)
(516, 222)
(515, 222)
(515, 223)
(516, 223)
(516, 224)
(516, 225)
(515, 225)
(515, 224)
(514, 224)
(513, 224)
(513, 223)
(512, 223)
(511, 223)
(510, 223)
(510, 224)
(510, 225)
(509, 225)
(509, 226)
(509, 227)
(508, 227)
(507, 227)
(506, 227)
(506, 228)
(505, 228)
(505, 229)
(504, 229)
(504, 228)
(504, 227)
(504, 226)
(504, 225)
(503, 225)
(502, 225)
(501, 225)
(501, 224)
(501, 223)
(500, 223)
(500, 222)
(499, 222)
(499, 221)
(498, 221)
(498, 222)
(498, 223)
(498, 224)
(499, 224)
(499, 225)
(500, 225)
(500, 226)
(499, 226)
(498, 226)
(497, 226)
(496, 226)
(496, 227)
(495, 227)
(494, 227)
(494, 228)
(493, 228)
(493, 229)
(494, 229)
(494, 230)
(494, 231)
(494, 232)
(494, 233)
(495, 233)
(495, 232)
(496, 232)
(497, 232)
(497, 231)
(498, 231)
(499, 231)
(499, 232)
(499, 233)
(499, 234)
(498, 234)
(498, 235)
(499, 235)
(499, 236)
(499, 237)
(500, 237)
(501, 237)
(501, 238)
(500, 238)
(500, 239)
(500, 240)
(501, 240)
(502, 240)
(502, 239)
(502, 238)
(503, 238)
(503, 239)
(504, 239)
(504, 240)
(505, 240)
(505, 239)
(506, 239)
(507, 239)
(508, 239)
(508, 240)
(508, 241)
(508, 242)
(507, 242)
(507, 243)
(506, 243)
(505, 243)
(505, 242)
(504, 242)
(503, 242)
(503, 243)
(503, 244)
(502, 244)
(501, 244)
(500, 244)
(499, 244)
(499, 243)
(498, 243)
(497, 243)
(497, 244)
(497, 245)
(497, 246)
(497, 247)
(497, 248)
(496, 248)
(495, 248)
(495, 249)
(495, 250)
(494, 250)
(493, 250)
(493, 251)
(492, 251)
(492, 252)
(492, 253)
(491, 253)
(491, 254)
(490, 254)
(490, 255)
(489, 255)
(489, 254)
(488, 254)
(488, 255)
(487, 255)
(487, 256)
(488, 256)
(488, 257)
(487, 257)
(487, 258)
(487, 259)
(486, 259)
(485, 259)
(484, 259)
(483, 259)
(483, 260)
(484, 260)
(484, 261)
(484, 262)
(483, 262)
(482, 262)
(481, 262)
(481, 263)
(481, 264)
(480, 264)
(480, 265)
(479, 265)
(478, 265)
(477, 265)
(476, 265)
(475, 265)
(475, 266)
(474, 266)
(473, 266)
(473, 265)
(473, 264)
(472, 264)
(472, 263)
(473, 263)
(473, 262)
(472, 262)
(471, 262)
(471, 261)
(471, 260)
(471, 259)
(471, 258)
(470, 258)
(470, 257)
(470, 256)
(469, 256)
(468, 256)
(467, 256)
(466, 256)
(466, 255)
(466, 254)
(466, 253)
(466, 252)
(465, 252)
(465, 251)
(464, 251)
(464, 250)
(465, 250)
(466, 250)
(467, 250)
(467, 249)
(467, 248)
(467, 247)
(467, 246)
(467, 245)
(467, 244)
(466, 244)
(465, 244)
(465, 243)
(464, 243)
(464, 242)
(463, 242)
(463, 243)
(463, 244)
(463, 245)
(462, 245)
(461, 245)
(461, 244)
(461, 243)
(461, 242)
(461, 241)
(461, 240)
(460, 240)
(460, 241)
(459, 241)
(459, 242)
(459, 243)
(458, 243)
(457, 243)
(457, 242)
(456, 242)
(456, 241)
(455, 241)
(454, 241)
(454, 242)
(454, 243)
(453, 243)
(452, 243)
(452, 244)
(452, 245)
(453, 245)
(453, 246)
(452, 246)
(452, 247)
(453, 247)
(453, 248)
(454, 248)
(454, 249)
(454, 250)
(455, 250)
(455, 251)
(455, 252)
(455, 253)
(455, 254)
(455, 255)
(454, 255)
(454, 256)
(453, 256)
(453, 257)
(452, 257)
(452, 258)
(451, 258)
(450, 258)
(450, 259)
(449, 259)
(449, 258)
(448, 258)
(447, 258)
(447, 257)
(446, 257)
(446, 258)
(446, 259)
(446, 260)
(447, 260)
(448, 260)
(448, 261)
(447, 261)
(447, 262)
(447, 263)
(446, 263)
(446, 264)
(446, 265)
(446, 266)
(447, 266)
(447, 265)
(448, 265)
(449, 265)
(450, 265)
(451, 265)
(452, 265)
(453, 265)
(454, 265)
(455, 265)
(455, 264)
(455, 263)
(456, 263)
(456, 264)
(456, 265)
(456, 266)
(457, 266)
(457, 267)
(457, 268)
(457, 269)
(458, 269)
(458, 270)
(459, 270)
(460, 270)
(461, 270)
(462, 270)
(462, 269)
(463, 269)
(464, 269)
(464, 270)
(464, 271)
(464, 272)
(464, 273)
(464, 274)
(463, 274)
(463, 275)
(462, 275)
(462, 276)
(461, 276)
(461, 277)
(462, 277)
(463, 277)
(464, 277)
(464, 278)
(464, 279)
(465, 279)
(466, 279)
(466, 280)
(467, 280)
(467, 281)
(468, 281)
(469, 281)
(469, 282)
(469, 283)
(469, 284)
(468, 284)
(468, 285)
(468, 286)
(468, 287)
(468, 288)
(468, 289)
(469, 289)
(469, 290)
(469, 291)
(469, 292)
(470, 292)
(470, 293)
(470, 294)
(470, 295)
(471, 295)
(471, 296)
(470, 296)
(469, 296)
(468, 296)
(468, 295)
(468, 294)
(467, 294)
(467, 295)
(467, 296)
(467, 297)
(466, 297)
(465, 297)
(465, 298)
(465, 299)
(464, 299)
(463, 299)
(462, 299)
(462, 300)
(461, 300)
(461, 301)
(460, 301)
(460, 302)
(460, 303)
(460, 304)
(460, 305)
(460, 306)
(460, 307)
(459, 307)
(459, 308)
(459, 309)
(459, 310)
(458, 310)
(457, 310)
(457, 309)
(456, 309)
(456, 310)
(456, 311)
(457, 311)
(457, 312)
(457, 313)
(457, 314)
(457, 315)
(457, 316)
(456, 316)
(456, 317)
(455, 317)
(455, 318)
(455, 319)
(455, 320)
(455, 321)
(454, 321)
(453, 321)
(453, 322)
(452, 322)
(452, 323)
(452, 324)
(453, 324)
(453, 323)
(454, 323)
(454, 324)
(454, 325)
(453, 325)
(452, 325)
(452, 326)
(453, 326)
(454, 326)
(455, 326)
(455, 327)
(455, 328)
(456, 328)
(456, 327)
(457, 327)
(457, 328)
(458, 328)
(458, 327)
(459, 327)
(460, 327)
(460, 326)
(460, 325)
(461, 325)
(462, 325)
(462, 326)
(462, 327)
(462, 328)
(463, 328)
(463, 329)
(463, 330)
(462, 330)
(461, 330)
(461, 331)
(460, 331)
(460, 332)
(460, 333)
(459, 333)
(458, 333)
(458, 332)
(457, 332)
(456, 332)
(455, 332)
(454, 332)
(454, 333)
(454, 334)
(455, 334)
(455, 335)
(455, 336)
(454, 336)
(454, 337)
(455, 337)
(455, 338)
(455, 339)
(456, 339)
(456, 340)
(456, 341)
(455, 341)
(454, 341)
(454, 342)
(453, 342)
(452, 342)
(452, 343)
(452, 344)
(452, 345)
(453, 345)
(454, 345)
(455, 345)
(455, 346)
(456, 346)
(457, 346)
(457, 347)
(458, 347)
(459, 347)
(459, 348)
(459, 349)
(460, 349)
(460, 350)
(460, 351)
(460, 352)
(461, 352)
(462, 352)
(463, 352)
(464, 352)
(464, 353)
(465, 353)
(466, 353)
(466, 354)
(465, 354)
(464, 354)
(464, 355)
(464, 356)
(464, 357)
(464, 358)
(464, 359)
(464, 360)
(463, 360)
(463, 361)
(463, 362)
(463, 363)
(464, 363)
(465, 363)
(465, 364)
(466, 364)
(466, 365)
(465, 365)
(465, 366)
(465, 367)
(465, 368)
(466, 368)
(466, 369)
(466, 370)
(467, 370)
(467, 371)
(468, 371)
(469, 371)
(469, 372)
(468, 372)
(467, 372)
(467, 373)
(466, 373)
(466, 374)
(466, 375)
(466, 376)
(466, 377)
(467, 377)
(467, 378)
(467, 379)
(468, 379)
(469, 379)
(469, 380)
(469, 381)
(469, 382)
(470, 382)
(471, 382)
(472, 382)
(472, 381)
(473, 381)
(474, 381)
(475, 381)
(476, 381)
(477, 381)
(477, 380)
(477, 379)
(477, 378)
(478, 378)
(479, 378)
(479, 379)
(479, 380)
(480, 380)
(480, 379)
(481, 379)
(481, 378)
(481, 377)
(481, 376)
(481, 375)
(482, 375)
(482, 374)
(482, 373)
(482, 372)
(481, 372)
(481, 371)
(482, 371)
(482, 370)
(483, 370)
(483, 369)
(482, 369)
(482, 368)
(482, 367)
(483, 367)
(484, 367)
(484, 366)
(483, 366)
(483, 365)
(482, 365)
(482, 366)
(481, 366)
(480, 366)
(479, 366)
(479, 365)
(478, 365)
(477, 365)
(477, 364)
(476, 364)
(476, 363)
(475, 363)
(475, 362)
(476, 362)
(476, 361)
(476, 360)
(477, 360)
(477, 359)
(478, 359)
(478, 358)
(478, 357)
(478, 356)
(477, 356)
(476, 356)
(476, 355)
(475, 355)
(475, 354)
(474, 354)
(474, 353)
(474, 352)
(474, 351)
(475, 351)
(475, 350)
(475, 349)
(475, 348)
(476, 348)
(477, 348)
(477, 347)
(478, 347)
(478, 348)
(479, 348)
(479, 347)
(479, 346)
(480, 346)
(480, 345)
(481, 345)
(482, 345)
(483, 345)
(483, 346)
(484, 346)
(485, 346)
(485, 345)
(485, 344)
(485, 343)
(485, 342)
(485, 341)
(485, 340)
(484, 340)
(484, 339)
(483, 339)
(483, 338)
(484, 338)
(484, 337)
(485, 337)
(485, 336)
(485, 335)
(484, 335)
(484, 334)
(484, 333)
(484, 332)
(484, 331)
(484, 330)
(484, 329)
(484, 328)
(485, 328)
(485, 329)
(486, 329)
(486, 330)
(487, 330)
(487, 331)
(488, 331)
(489, 331)
(490, 331)
(491, 331)
(492, 331)
(492, 332)
(493, 332)
(494, 332)
(494, 333)
(495, 333)
(495, 332)
(495, 331)
(495, 330)
(496, 330)
(497, 330)
(497, 331)
(497, 332)
(498, 332)
(498, 331)
(499, 331)
(499, 330)
(500, 330)
(500, 329)
(500, 328)
(500, 327)
(500, 326)
(500, 325)
(500, 324)
(500, 323)
(500, 322)
(501, 322)
(502, 322)
(502, 321)
(502, 320)
(503, 320)
(504, 320)
(504, 319)
(503, 319)
(503, 318)
(503, 317)
(502, 317)
(501, 317)
(501, 316)
(500, 316)
(500, 315)
(501, 315)
(501, 314)
(502, 314)
(502, 313)
(503, 313)
(503, 312)
(503, 311)
(503, 310)
(503, 309)
(504, 309)
(504, 308)
(504, 307)
(505, 307)
(505, 308)
(506, 308)
(506, 307)
(507, 307)
(507, 306)
(508, 306)
(508, 305)
(507, 305)
(506, 305)
(506, 304)
(506, 303)
(507, 303)
(508, 303)
(509, 303)
(510, 303)
(510, 302)
(511, 302)
(512, 302)
(513, 302)
(513, 301)
(514, 301)
(515, 301)
(515, 300)
(516, 300)
(516, 301)
(517, 301)
(517, 300)
(518, 300)
(519, 300)
(519, 301)
(519, 302)
(518, 302)
(518, 303)
(519, 303)
(520, 303)
(520, 304)
(521, 304)
(521, 303)
(522, 303)
(523, 303)
(523, 302)
(524, 302)
(524, 303)
(525, 303)
(526, 303)
(526, 304)
(527, 304)
(528, 304)
(528, 305)
(529, 305)
(529, 304)
(530, 304)
(530, 305)
(531, 305)
(532, 305)
(532, 304)
(533, 304)
(533, 303)
(534, 303)
(534, 304)
(535, 304)
(536, 304)
(536, 303)
(536, 302)
(536, 301)
(536, 300)
(535, 300)
(535, 299)
(535, 298)
(534, 298)
(533, 298)
(533, 297)
(532, 297)
(531, 297)
(531, 298)
(530, 298)
(530, 297)
(530, 296)
(530, 295)
(529, 295)
(529, 294)
(528, 294)
(527, 294)
(527, 293)
(526, 293)
(526, 292)
(525, 292)
(524, 292)
(524, 291)
(525, 291)
(525, 290)
(525, 289)
(525, 288)
(524, 288)
(524, 287)
(523, 287)
(523, 286)
(524, 286)
(524, 285)
(525, 285)
(525, 284)
(525, 283)
(524, 283)
(524, 282)
(524, 281)
(524, 280)
(525, 280)
(525, 279)
(526, 279)
(526, 278)
(527, 278)
(527, 277)
(528, 277)
(528, 278)
(528, 279)
(529, 279)
(530, 279)
(530, 278)
(531, 278)
(531, 279)
(532, 279)
(532, 280)
(531, 280)
(531, 281)
(531, 282)
(532, 282)
(532, 283)
(533, 283)
(534, 283)
(535, 283)
(535, 284)
(535, 285)
(536, 285)
(536, 286)
(535, 286)
(534, 286)
(534, 287)
(534, 288)
(534, 289)
(534, 290)
(534, 291)
(533, 291)
(533, 292)
(534, 292)
(534, 293)
(534, 294)
(534, 295)
(535, 295)
(535, 294)
(536, 294)
(536, 295)
(537, 295)
(538, 295)
(538, 294)
(538, 293)
(537, 293)
(537, 292)
(538, 292)
(539, 292)
(539, 293)
(540, 293)
(541, 293)
(541, 294)
(542, 294)
(542, 295)
(543, 295)
(543, 296)
(543, 297)
(543, 298)
(543, 299)
(544, 299)
(545, 299)
(546, 299)
(547, 299)
(548, 299)
(548, 298)
(548, 297)
(548, 296)
(549, 296)
(550, 296)
(550, 297)
(551, 297)
(551, 296)
(551, 295)
(552, 295)
(552, 294)
(553, 294)
(554, 294)
(555, 294)
(555, 293)
(556, 293)
(557, 293)
(558, 293)
(558, 292)
(558, 291)
(557, 291)
(556, 291)
(556, 290)
(555, 290)
(555, 289)
(555, 288)
(556, 288)
(556, 287)
(556, 286)
(555, 286)
(554, 286)
(554, 285)
(555, 285)
(556, 285)
(557, 285)
(557, 284)
(558, 284)
(559, 284)
(559, 283)
(560, 283)
(560, 282)
(559, 282)
(559, 281)
(559, 280)
(560, 280)
(561, 280)
(561, 281)
(562, 281)
(562, 282)
(563, 282)
(563, 283)
(563, 284)
(563, 285)
(564, 285)
(564, 286)
(565, 286)
(565, 287)
(565, 288)
(566, 288)
(567, 288)
(567, 289)
(567, 290)
(567, 291)
(566, 291)
(566, 292)
(567, 292)
(567, 293)
(566, 293)
(566, 294)
(565, 294)
(564, 294)
(564, 295)
(564, 296)
(564, 297)
(565, 297)
(566, 297)
(566, 298)
(566, 299)
(567, 299)
(567, 300)
(568, 300)
(568, 301)
(568, 302)
(567, 302)
(567, 303)
(566, 303)
(566, 304)
(566, 305)
(567, 305)
(567, 306)
(567, 307)
(566, 307)
(566, 308)
(567, 308)
(567, 309)
(567, 310)
(567, 311)
(567, 312)
(567, 313)
(567, 314)
(568, 314)
(569, 314)
(569, 313)
(570, 313)
(571, 313)
(572, 313)
(572, 314)
(573, 314)
(574, 314)
(574, 313)
(573, 313)
(573, 312)
(572, 312)
(572, 311)
(572, 310)
(573, 310)
(573, 309)
(574, 309)
(574, 308)
(574, 307)
(573, 307)
(573, 306)
(573, 305)
(574, 305)
(574, 304)
(575, 304)
(575, 303)
(575, 302)
(575, 301)
(576, 301)
(577, 301)
(577, 300)
(577, 299)
(577, 298)
(577, 297)
(576, 297)
(576, 296)
(575, 296)
(575, 295)
(575, 294)
(576, 294)
(577, 294)
(577, 293)
(578, 293)
(579, 293)
(580, 293)
(581, 293)
(582, 293)
(582, 294)
(581, 294)
(580, 294)
(580, 295)
(580, 296)
(580, 297)
(581, 297)
(582, 297)
(583, 297)
(584, 297)
(585, 297)
(585, 296)
(586, 296)
(586, 297)
(587, 297)
(587, 298)
(586, 298)
(585, 298)
(585, 299)
(585, 300)
(584, 300)
(584, 301)
(585, 301)
(586, 301)
(586, 302)
(587, 302)
(587, 303)
(588, 303)
(589, 303)
(589, 302)
(590, 302)
(591, 302)
(592, 302)
(592, 303)
(591, 303)
(591, 304)
(591, 305)
(592, 305)
(593, 305)
(593, 306)
(594, 306)
(595, 306)
(595, 307)
(595, 308)
(595, 309)
(594, 309)
(593, 309)
(592, 309)
(592, 310)
(592, 311)
(592, 312)
(592, 313)
(591, 313)
(590, 313)
(590, 314)
(590, 315)
(589, 315)
(589, 314)
(588, 314)
(587, 314)
(587, 315)
(586, 315)
(586, 316)
(586, 317)
(587, 317)
(587, 318)
(587, 319)
(587, 320)
(588, 320)
(588, 319)
(589, 319)
(589, 320)
(589, 321)
(590, 321)
(591, 321)
(591, 320)
(592, 320)
(593, 320)
(593, 321)
(594, 321)
(594, 322)
(595, 322)
(595, 323)
(595, 324)
(596, 324)
(596, 325)
(596, 326)
(595, 326)
(595, 327)
(594, 327)
(594, 326)
(593, 326)
(593, 327)
(593, 328)
(592, 328)
(592, 327)
(591, 327)
(590, 327)
(590, 328)
(589, 328)
(588, 328)
(588, 329)
(587, 329)
(587, 330)
(587, 331)
(587, 332)
(586, 332)
(586, 331)
(585, 331)
(584, 331)
(584, 332)
(583, 332)
(582, 332)
(582, 333)
(581, 333)
(580, 333)
(580, 332)
(580, 331)
(579, 331)
(579, 330)
(578, 330)
(577, 330)
(577, 331)
(577, 332)
(576, 332)
(575, 332)
(575, 331)
(574, 331)
(574, 330)
(573, 330)
(573, 331)
(573, 332)
(573, 333)
(572, 333)
(572, 332)
(571, 332)
(571, 331)
(571, 330)
(570, 330)
(570, 331)
(569, 331)
(569, 332)
(569, 333)
(570, 333)
(570, 334)
(569, 334)
(569, 335)
(569, 336)
(568, 336)
(567, 336)
(567, 337)
(567, 338)
(567, 339)
(568, 339)
(569, 339)
(570, 339)
(571, 339)
(571, 340)
(571, 341)
(570, 341)
(570, 342)
(569, 342)
(569, 343)
(568, 343)
(568, 344)
(568, 345)
(568, 346)
(569, 346)
(570, 346)
(571, 346)
(571, 345)
(572, 345)
(573, 345)
(574, 345)
(575, 345)
(575, 344)
(576, 344)
(577, 344)
(577, 343)
(578, 343)
(579, 343)
(580, 343)
(580, 344)
(581, 344)
(581, 345)
(581, 346)
(582, 346)
(582, 347)
(582, 348)
(582, 349)
(581, 349)
(580, 349)
(580, 348)
(579, 348)
(579, 349)
(578, 349)
(578, 348)
(577, 348)
(576, 348)
(575, 348)
(575, 349)
(575, 350)
(575, 351)
(574, 351)
(574, 352)
(573, 352)
(573, 353)
(574, 353)
(575, 353)
(575, 354)
(575, 355)
(575, 356)
(575, 357)
(576, 357)
(577, 357)
(577, 358)
(577, 359)
(577, 360)
(576, 360)
(576, 361)
(576, 362)
(576, 363)
(577, 363)
(577, 364)
(577, 365)
(576, 365)
(576, 366)
(576, 367)
(577, 367)
(577, 368)
(577, 369)
(577, 370)
(576, 370)
(575, 370)
(575, 371)
(575, 372)
(575, 373)
(576, 373)
(577, 373)
(577, 374)
(577, 375)
(578, 375)
(578, 374)
(579, 374)
(580, 374)
(581, 374)
(581, 375)
(582, 375)
(582, 376)
(583, 376)
(583, 377)
(583, 378)
(583, 379)
(583, 380)
(583, 381)
(582, 381)
(582, 382)
(581, 382)
(581, 383)
(580, 383)
(579, 383)
(578, 383)
(578, 384)
(578, 385)
(578, 386)
(578, 387)
(577, 387)
(577, 388)
(577, 389)
(578, 389)
(578, 390)
(578, 391)
(579, 391)
(579, 392)
(580, 392)
(580, 393)
(580, 394)
(581, 394)
(582, 394)
(583, 394)
(583, 395)
(584, 395)
(584, 394)
(585, 394)
(586, 394)
(586, 395)
(587, 395)
(588, 395)
(588, 394)
(589, 394)
(589, 395)
(589, 396)
(590, 396)
(590, 395)
(591, 395)
(592, 395)
(592, 396)
(592, 397)
(592, 398)
(593, 398)
(593, 399)
(592, 399)
(592, 400)
(592, 401)
(593, 401)
(593, 402)
(593, 403)
(592, 403)
(591, 403)
(591, 404)
(591, 405)
(592, 405)
(592, 406)
(591, 406)
(591, 407)
(591, 408)
(592, 408)
(592, 409)
(593, 409)
(593, 410)
(594, 410)
(595, 410)
(595, 411)
(595, 412)
(596, 412)
(596, 413)
(596, 414)
(597, 414)
(598, 414)
(599, 414)
(600, 414)
(600, 413)
(601, 413)
(602, 413)
(603, 413)
(604, 413)
(605, 413)
(605, 414)
(605, 415)
(605, 416)
(605, 417)
(605, 418)
(605, 419)
(605, 420)
(604, 420)
(604, 421)
(603, 421)
(603, 422)
(602, 422)
(601, 422)
(600, 422)
(600, 423)
(599, 423)
(598, 423)
(598, 424)
(598, 425)
(597, 425)
(597, 426)
(598, 426)
(598, 427)
(598, 428)
(599, 428)
(600, 428)
(600, 429)
(601, 429)
(601, 428)
(601, 427)
(602, 427)
(603, 427)
(603, 428)
(603, 429)
(603, 430)
(603, 431)
(603, 432)
(602, 432)
(602, 433)
(601, 433)
(601, 434)
(601, 435)
(602, 435)
(602, 436)
(603, 436)
(604, 436)
(605, 436)
(606, 436)
(606, 437)
(605, 437)
(605, 438)
(605, 439)
(604, 439)
(603, 439)
(603, 440)
(602, 440)
(601, 440)
(600, 440)
(599, 440)
(599, 439)
(598, 439)
(597, 439)
(596, 439)
(595, 439)
(595, 440)
(595, 441)
(594, 441)
(593, 441)
(592, 441)
(592, 442)
(592, 443)
(591, 443)
(591, 442)
(590, 442)
(589, 442)
(588, 442)
(587, 442)
(587, 441)
(586, 441)
(586, 440)
(585, 440)
(585, 439)
(584, 439)
(584, 440)
(584, 441)
(585, 441)
(585, 442)
(586, 442)
(586, 443)
(586, 444)
(585, 444)
(585, 443)
(584, 443)
(583, 443)
(582, 443)
(582, 442)
(582, 441)
(582, 440)
(582, 439)
(581, 439)
(581, 440)
(580, 440)
(580, 441)
(579, 441)
(579, 442)
(578, 442)
(578, 443)
(577, 443)
(576, 443)
(576, 444)
(577, 444)
(578, 444)
(578, 445)
(578, 446)
(577, 446)
(576, 446)
(576, 447)
(575, 447)
(574, 447)
(574, 448)
(574, 449)
(575, 449)
(575, 450)
(576, 450)
(577, 450)
(577, 449)
(578, 449)
(578, 450)
(578, 451)
(578, 452)
(578, 453)
(577, 453)
(576, 453)
(575, 453)
(574, 453)
(574, 454)
(573, 454)
(572, 454)
(572, 455)
(572, 456)
(571, 456)
(571, 455)
(570, 455)
(569, 455)
(568, 455)
(568, 456)
(567, 456)
(566, 456)
(566, 457)
(565, 457)
(565, 458)
(565, 459)
(564, 459)
(563, 459)
(563, 460)
(564, 460)
(565, 460)
(565, 461)
(565, 462)
(566, 462)
(566, 461)
(567, 461)
(567, 462)
(567, 463)
(567, 464)
(566, 464)
(566, 465)
(567, 465)
(567, 466)
(567, 467)
(568, 467)
(568, 468)
(568, 469)
(567, 469)
(567, 470)
(566, 470)
(565, 470)
(565, 471)
(564, 471)
(563, 471)
(562, 471)
(562, 472)
(562, 473)
(562, 474)
(562, 475)
(561, 475)
(561, 474)
(561, 473)
(560, 473)
(559, 473)
(559, 472)
(558, 472)
(558, 473)
(558, 474)
(559, 474)
(559, 475)
(559, 476)
(560, 476)
(561, 476)
(562, 476)
(562, 477)
(563, 477)
(563, 478)
(562, 478)
(561, 478)
(561, 479)
(560, 479)
(559, 479)
(559, 480)
(560, 480)
(561, 480)
(562, 480)
(563, 480)
(563, 481)
(564, 481)
(565, 481)
(566, 481)
(567, 481)
(568, 481)
(568, 482)
(569, 482)
(570, 482)
(571, 482)
(571, 483)
(572, 483)
(572, 482)
(573, 482)
(574, 482)
(575, 482)
(576, 482)
(577, 482)
(577, 481)
(576, 481)
(576, 480)
(576, 479)
(576, 478)
(577, 478)
(577, 479)
(578, 479)
(579, 479)
(580, 479)
(580, 480)
(580, 481)
(580, 482)
(580, 483)
(579, 483)
(579, 484)
(578, 484)
(578, 485)
(577, 485)
(577, 486)
(577, 487)
(577, 488)
(577, 489)
(577, 490)
(576, 490)
(575, 490)
(575, 491)
(575, 492)
(576, 492)
(576, 491)
(577, 491)
(578, 491)
(579, 491)
(579, 492)
(580, 492)
(580, 493)
(579, 493)
(578, 493)
(578, 494)
(578, 495)
(579, 495)
(579, 494)
(580, 494)
(581, 494)
(582, 494)
(583, 494)
(583, 495)
(584, 495)
(585, 495)
(586, 495)
(586, 496)
(587, 496)
(588, 496)
(588, 497)
(588, 498)
(589, 498)
(590, 498)
(590, 499)
(591, 499)
(592, 499)
(592, 498)
(593, 498)
(593, 499)
(594, 499)
(595, 499)
(596, 499)
(597, 499)
(598, 499)
(598, 500)
(599, 500)
(599, 499)
(599, 498)
(599, 497)
(600, 497)
(600, 496)
(601, 496)
(602, 496)
(602, 495)
(603, 495)
(603, 496)
(603, 497)
(604, 497)
(604, 498)
(605, 498)
(605, 499)
(605, 500)
(605, 501)
(605, 502)
(605, 503)
(606, 503)
(607, 503)
(608, 503)
(609, 503)
(610, 503)
(610, 504)
(610, 505)
(611, 505)
(612, 505)
(612, 506)
(612, 507)
(613, 507)
(614, 507)
(615, 507)
(615, 506)
(616, 506)
(616, 505)
(617, 505)
(617, 504)
(616, 504)
(616, 503)
(617, 503)
(617, 502)
(616, 502)
(615, 502)
(615, 501)
(615, 500)
(616, 500)
(616, 499)
(617, 499)
(617, 498)
(617, 497)
(618, 497)
(618, 496)
(617, 496)
(617, 495)
(616, 495)
(615, 495)
(614, 495)
(614, 494)
(613, 494)
(613, 493)
(613, 492)
(613, 491)
(613, 490)
(613, 489)
(612, 489)
(612, 488)
(612, 487)
(611, 487)
(611, 486)
(612, 486)
(613, 486)
(613, 487)
(614, 487)
(614, 486)
(615, 486)
(615, 485)
(615, 484)
(615, 483)
(616, 483)
(616, 482)
(617, 482)
(617, 483)
(618, 483)
(618, 484)
(619, 484)
(620, 484)
(620, 485)
(621, 485)
(621, 484)
(622, 484)
(623, 484)
(624, 484)
(624, 483)
(624, 482)
(625, 482)
(626, 482)
(627, 482)
(627, 483)
(627, 484)
(627, 485)
(628, 485)
(628, 486)
(629, 486)
(630, 486)
(631, 486)
(632, 486)
(632, 485)
(633, 485)
(634, 485)
(634, 486)
(634, 487)
(635, 487)
(635, 486)
(636, 486)
(636, 487)
(636, 488)
(636, 489)
(637, 489)
(638, 489)
(639, 489)
(639, 490)
(640, 490)
(640, 491)
(640, 492)
(640, 493)
(641, 493)
(641, 494)
(642, 494)
(642, 495)
(643, 495)
(644, 495)
(645, 495)
(645, 494)
(646, 494)
(646, 495)
(646, 496)
(647, 496)
(648, 496)
(649, 496)
(650, 496)
(650, 495)
(651, 495)
(651, 494)
(651, 493)
(650, 493)
(649, 493)
(649, 492)
(650, 492)
(650, 491)
(651, 491)
(651, 492)
(652, 492)
(652, 491)
(652, 490)
(653, 490)
(653, 489)
(654, 489)
(654, 488)
(655, 488)
(656, 488)
(656, 487)
(657, 487)
(658, 487)
(659, 487)
(660, 487)
(661, 487)
(662, 487)
(663, 487)
(663, 486)
(662, 486)
(661, 486)
(661, 485)
(661, 484)
(661, 483)
(662, 483)
(663, 483)
(663, 482)
(663, 481)
(664, 481)
(665, 481)
(666, 481)
(667, 481)
(667, 480)
(666, 480)
(666, 479)
(666, 478)
(667, 478)
(667, 477)
(668, 477)
(669, 477)
(670, 477)
(670, 478)
(671, 478)
(672, 478)
(673, 478)
(674, 478)
(674, 477)
(675, 477)
(675, 476)
(676, 476)
(677, 476)
(677, 477)
(678, 477)
(678, 478)
(679, 478)
(680, 478)
(681, 478)
(681, 477)
(682, 477)
(683, 477)
(683, 478)
(683, 479)
(683, 480)
(684, 480)
(685, 480)
(685, 481)
(685, 482)
(686, 482)
(687, 482)
(688, 482)
(689, 482)
(689, 483)
(690, 483)
(690, 484)
(690, 485)
(689, 485)
(688, 485)
(687, 485)
(687, 486)
(686, 486)
(685, 486)
(684, 486)
(683, 486)
(682, 486)
(681, 486)
(680, 486)
(680, 487)
(679, 487)
(679, 488)
(679, 489)
(679, 490)
(679, 491)
(678, 491)
(678, 492)
(678, 493)
(679, 493)
(680, 493)
(680, 494)
(680, 495)
(681, 495)
(681, 496)
(681, 497)
(682, 497)
(682, 498)
(683, 498)
(684, 498)
(684, 499)
(684, 500)
(685, 500)
(686, 500)
(686, 501)
(687, 501)
(687, 500)
(688, 500)
(688, 501)
(688, 502)
(689, 502)
(690, 502)
(690, 503)
(691, 503)
(691, 502)
(692, 502)
(692, 501)
(692, 500)
(693, 500)
(694, 500)
(694, 499)
(694, 498)
(695, 498)
(696, 498)
(696, 499)
(696, 500)
(696, 501)
(696, 502)
(697, 502)
(698, 502)
(698, 503)
(697, 503)
(697, 504)
(697, 505)
(698, 505)
(699, 505)
(699, 506)
(698, 506)
(697, 506)
(696, 506)
(696, 507)
(695, 507)
(695, 508)
(695, 509)
(696, 509)
(696, 510)
(695, 510)
(695, 511)
(695, 512)
(696, 512)
(697, 512)
(698, 512)
(699, 512)
(699, 513)
(700, 513)
(700, 512)
(700, 511)
(700, 510)
(701, 510)
(701, 509)
(702, 509)
(702, 510)
(703, 510)
(703, 511)
(703, 512)
(702, 512)
(702, 513)
(702, 514)
(702, 515)
(702, 516)
(703, 516)
(703, 515)
(704, 515)
(705, 515)
(706, 515)
(706, 516)
(705, 516)
(705, 517)
(705, 518)
(705, 519)
(704, 519)
(704, 520)
(704, 521)
(705, 521)
(705, 522)
(704, 522)
(704, 523)
(703, 523)
(703, 524)
(702, 524)
(702, 525)
(702, 526)
(702, 527)
(703, 527)
(703, 528)
(703, 529)
(703, 530)
(704, 530)
(704, 531)
(705, 531)
(706, 531)
(707, 531)
(707, 530)
(708, 530)
(708, 531)
(709, 531)
(709, 532)
(709, 533)
(709, 534)
(709, 535)
(710, 535)
(710, 536)
(709, 536)
(709, 537)
(709, 538)
(710, 538)
(710, 537)
(711, 537)
(712, 537)
(712, 536)
(713, 536)
(713, 537)
(714, 537)
(715, 537)
(715, 538)
(715, 539)
(714, 539)
(714, 540)
(714, 541)
(715, 541)
(715, 542)
(715, 543)
(716, 543)
(716, 544)
(715, 544)
(715, 545)
(715, 546)
(716, 546)
(716, 547)
(717, 547)
(718, 547)
(719, 547)
(719, 548)
(718, 548)
(718, 549)
(718, 550)
(718, 551)
(719, 551)
(719, 552)
(719, 553)
(719, 554)
(718, 554)
(718, 555)
(717, 555)
(716, 555)
(716, 556)
(715, 556)
(715, 557)
(715, 558)
(715, 559)
(715, 560)
(715, 561)
(715, 562)
(716, 562)
(716, 563)
(715, 563)
(715, 564)
(716, 564)
(716, 565)
(716, 566)
(716, 567)
(716, 568)
(715, 568)
(715, 569)
(714, 569)
(713, 569)
(712, 569)
(712, 568)
(712, 567)
(713, 567)
(713, 566)
(712, 566)
(711, 566)
(710, 566)
(710, 567)
(709, 567)
(709, 568)
(708, 568)
(708, 567)
(708, 566)
(708, 565)
(707, 565)
(707, 564)
(706, 564)
(705, 564)
(705, 565)
(705, 566)
(704, 566)
(704, 567)
(704, 568)
(703, 568)
(703, 569)
(703, 570)
(702, 570)
(702, 571)
(703, 571)
(704, 571)
(704, 572)
(704, 573)
(703, 573)
(702, 573)
(702, 574)
(702, 575)
(701, 575)
(701, 574)
(700, 574)
(700, 575)
(700, 576)
(699, 576)
(698, 576)
(698, 577)
(697, 577)
(697, 578)
(697, 579)
(697, 580)
(697, 581)
(697, 582)
(697, 583)
(697, 584)
(696, 584)
(696, 583)
(695, 583)
(694, 583)
(694, 582)
(694, 581)
(694, 580)
(694, 579)
(694, 578)
(694, 577)
(694, 576)
(694, 575)
(694, 574)
(693, 574)
(692, 574)
(691, 574)
(690, 574)
(690, 575)
(689, 575)
(689, 574)
(688, 574)
(687, 574)
(687, 575)
(686, 575)
(686, 576)
(685, 576)
(685, 575)
(684, 575)
(684, 576)
(684, 577)
(683, 577)
(682, 577)
(682, 578)
(682, 579)
(681, 579)
(681, 578)
(680, 578)
(680, 579)
(679, 579)
(678, 579)
(678, 580)
(677, 580)
(676, 580)
(676, 581)
(676, 582)
(675, 582)
(674, 582)
(674, 583)
(674, 584)
(673, 584)
(673, 583)
(672, 583)
(671, 583)
(670, 583)
(670, 584)
(671, 584)
(671, 585)
(671, 586)
(671, 587)
(671, 588)
(670, 588)
(670, 587)
(669, 587)
(669, 588)
(669, 589)
(669, 590)
(669, 591)
(670, 591)
(671, 591)
(672, 591)
(672, 592)
(673, 592)
(673, 593)
(673, 594)
(672, 594)
(671, 594)
(670, 594)
(670, 595)
(669, 595)
(668, 595)
(667, 595)
(667, 596)
(668, 596)
(668, 597)
(669, 597)
(669, 598)
(669, 599)
(669, 600)
(669, 601)
(668, 601)
(668, 602)
(668, 603)
(668, 604)
(667, 604)
(667, 605)
(666, 605)
(666, 604)
(666, 603)
(665, 603)
(665, 604)
(665, 605)
(665, 606)
(664, 606)
(663, 606)
(663, 607)
(663, 608)
(663, 609)
(663, 610)
(662, 610)
(661, 610)
(660, 610)
(659, 610)
(658, 610)
(658, 611)
(659, 611)
(659, 612)
(658, 612)
(658, 613)
(658, 614)
(658, 615)
(659, 615)
(659, 616)
(659, 617)
(658, 617)
(658, 618)
(657, 618)
(657, 619)
(657, 620)
(656, 620)
(655, 620)
(655, 621)
(655, 622)
(655, 623)
(654, 623)
(654, 624)
(654, 625)
(653, 625)
(653, 626)
(653, 627)
(652, 627)
(651, 627)
(650, 627)
(649, 627)
(649, 626)
(649, 625)
(648, 625)
(648, 624)
(648, 623)
(647, 623)
(646, 623)
(646, 622)
(645, 622)
(645, 621)
(645, 620)
(644, 620)
(644, 619)
(643, 619)
(642, 619)
(641, 619)
(640, 619)
(640, 620)
(640, 621)
(641, 621)
(641, 622)
(642, 622)
(642, 623)
(641, 623)
(641, 624)
(640, 624)
(639, 624)
(639, 623)
(638, 623)
(638, 624)
(637, 624)
(637, 623)
(636, 623)
(636, 622)
(635, 622)
(634, 622)
(634, 623)
(633, 623)
(633, 624)
(632, 624)
(632, 625)
(631, 625)
(631, 626)
(631, 627)
(631, 628)
(632, 628)
(633, 628)
(633, 629)
(633, 630)
(634, 630)
(635, 630)
(635, 631)
(636, 631)
(636, 632)
(635, 632)
(635, 633)
(635, 634)
(634, 634)
(634, 635)
(635, 635)
(635, 636)
(636, 636)
(637, 636)
(637, 637)
(638, 637)
(638, 638)
(638, 639)
(638, 640)
(638, 641)
(639, 641)
(639, 640)
(640, 640)
(641, 640)
(642, 640)
(642, 641)
(642, 642)
(642, 643)
(643, 643)
(644, 643)
(645, 643)
(645, 642)
(646, 642)
(646, 641)
(646, 640)
(647, 640)
(647, 641)
(648, 641)
(648, 642)
(649, 642)
(649, 643)
(649, 644)
(650, 644)
(650, 645)
(650, 646)
(650, 647)
(651, 647)
(651, 648)
(651, 649)
(651, 650)
(651, 651)
(652, 651)
(653, 651)
(653, 650)
(654, 650)
(655, 650)
(655, 651)
(656, 651)
(657, 651)
(657, 652)
(657, 653)
(656, 653)
(655, 653)
(654, 653)
(653, 653)
(653, 654)
(653, 655)
(652, 655)
(651, 655)
(650, 655)
(649, 655)
(649, 654)
(649, 653)
(648, 653)
(647, 653)
(647, 654)
(646, 654)
(645, 654)
(644, 654)
(643, 654)
(643, 655)
(643, 656)
(643, 657)
(644, 657)
(644, 658)
(644, 659)
(643, 659)
(642, 659)
(642, 660)
(642, 661)
(641, 661)
(641, 662)
(641, 663)
(640, 663)
(639, 663)
(638, 663)
(637, 663)
(636, 663)
(636, 664)
(636, 665)
(636, 666)
(636, 667)
(637, 667)
(637, 668)
(637, 669)
(638, 669)
(638, 670)
(637, 670)
(637, 671)
(636, 671)
(636, 672)
(636, 673)
(635, 673)
(634, 673)
(634, 674)
(634, 675)
(633, 675)
(632, 675)
(632, 676)
(632, 677)
(633, 677)
(633, 678)
(633, 679)
(633, 680)
(632, 680)
(631, 680)
(630, 680)
(629, 680)
(629, 681)
(629, 682)
(629, 683)
(628, 683)
(628, 682)
(627, 682)
(626, 682)
(626, 681)
(625, 681)
(624, 681)
(623, 681)
(622, 681)
(622, 682)
(621, 682)
(620, 682)
(619, 682)
(619, 683)
(619, 684)
(618, 684)
(617, 684)
(617, 685)
(616, 685)
(616, 686)
(617, 686)
(617, 687)
(617, 688)
(616, 688)
(616, 689)
(615, 689)
(614, 689)
(614, 690)
(613, 690)
(613, 689)
(612, 689)
(612, 690)
(612, 691)
(612, 692)
(613, 692)
(614, 692)
(614, 693)
(614, 694)
(614, 695)
(615, 695)
(615, 696)
(614, 696)
(613, 696)
(613, 697)
(612, 697)
(612, 698)
(611, 698)
(610, 698)
(609, 698)
(608, 698)
(608, 699)
(608, 700)
(608, 701)
(609, 701)
(609, 702)
(608, 702)
(607, 702)
(606, 702)
(605, 702)
(605, 701)
(605, 700)
(606, 700)
(606, 699)
(605, 699)
(605, 698)
(604, 698)
(604, 699)
(603, 699)
(603, 700)
(603, 701)
(602, 701)
(602, 700)
(602, 699)
(602, 698)
(602, 697)
(601, 697)
(600, 697)
(600, 698)
(600, 699)
(600, 700)
(600, 701)
(599, 701)
(599, 702)
(599, 703)
(598, 703)
(597, 703)
(597, 704)
(596, 704)
(596, 705)
(596, 706)
(596, 707)
(596, 708)
(595, 708)
(594, 708)
(594, 707)
(593, 707)
(593, 708)
(593, 709)
(593, 710)
(594, 710)
(594, 711)
(593, 711)
(592, 711)
(592, 712)
(592, 713)
(591, 713)
(590, 713)
(590, 714)
(589, 714)
(588, 714)
(588, 713)
(588, 712)
(587, 712)
(587, 713)
(587, 714)
(586, 714)
(585, 714)
(585, 715)
(585, 716)
(585, 717)
(584, 717)
(584, 718)
(585, 718)
(585, 719)
(585, 720)
(585, 721)
(586, 721)
(587, 721)
(587, 722)
(587, 723)
(587, 724)
(587, 725)
(588, 725)
(588, 726)
(588, 727)
(588, 728)
(589, 728)
(589, 729)
(589, 730)
(590, 730)
(590, 731)
(589, 731)
(588, 731)
(587, 731)
(586, 731)
(586, 732)
(586, 733)
(586, 734)
(586, 735)
(586, 736)
(585, 736)
(585, 737)
(585, 738)
(585, 739)
(585, 740)
(584, 740)
(583, 740)
(583, 739)
(582, 739)
(581, 739)
(581, 740)
(580, 740)
(579, 740)
(578, 740)
(577, 740)
(577, 741)
(577, 742)
(578, 742)
(578, 743)
(579, 743)
(579, 742)
(580, 742)
(581, 742)
(582, 742)
(583, 742)
(583, 743)
(583, 744)
(583, 745)
(584, 745)
(584, 746)
(584, 747)
(584, 748)
(584, 749)
(585, 749)
(586, 749)
(586, 750)
(585, 750)
(585, 751)
(584, 751)
(584, 752)
(584, 753)
(584, 754)
(584, 755)
(584, 756)
(584, 757)
(583, 757)
(582, 757)
(581, 757)
(581, 758)
(581, 759)
(580, 759)
(580, 760)
(579, 760)
(578, 760)
(577, 760)
(576, 760)
(575, 760)
(575, 761)
(576, 761)
(576, 762)
(576, 763)
(575, 763)
(575, 764)
(576, 764)
(577, 764)
(577, 765)
(577, 766)
(576, 766)
(575, 766)
(575, 767)
(576, 767)
(577, 767)
(578, 767)
(579, 767)
(579, 768)
(580, 768)
(580, 769)
(580, 770)
(580, 771)
(580, 772)
(579, 772)
(579, 773)
(580, 773)
(580, 774)
(580, 775)
(580, 776)
(579, 776)
(579, 777)
(579, 778)
(580, 778)
(581, 778)
(581, 779)
(581, 780)
(581, 781)
(581, 782)
(581, 783)
(581, 784)
(581, 785)
(580, 785)
(580, 786)
(580, 787)
(579, 787)
(579, 788)
(578, 788)
(578, 789)
(577, 789)
(577, 790)
(577, 791)
(578, 791)
(579, 791)
(579, 792)
(578, 792)
(578, 793)
(578, 794)
(579, 794)
(580, 794)
(581, 794)
(582, 794)
(582, 795)
(583, 795)
(583, 794)
(583, 793)
(584, 793)
(585, 793)
(585, 792)
(584, 792)
(583, 792)
(583, 791)
(583, 790)
(584, 790)
(584, 789)
(585, 789)
(585, 788)
(586, 788)
(586, 787)
(587, 787)
(587, 786)
(588, 786)
(589, 786)
(589, 787)
(589, 788)
(589, 789)
(590, 789)
(591, 789)
(592, 789)
(593, 789)
(593, 790)
(593, 791)
(594, 791)
(594, 792)
(595, 792)
(595, 791)
(595, 790)
(596, 790)
(597, 790)
(598, 790)
(599, 790)
(599, 791)
(599, 792)
(600, 792)
(601, 792)
(601, 793)
(602, 793)
(603, 793)
(604, 793)
(604, 792)
(605, 792)
(605, 791)
(606, 791)
(606, 792)
(607, 792)
(608, 792)
(609, 792)
(609, 793)
(610, 793)
(610, 794)
(610, 795)
(609, 795)
(609, 796)
(609, 797)
(608, 797)
(608, 798)
(609, 798)
(609, 799)
(610, 799)
(610, 800)
(609, 800)
(609, 801)
(609, 802)
(608, 802)
(607, 802)
(607, 803)
(607, 804)
(608, 804)
(608, 805)
(608, 806)
(608, 807)
(609, 807)
(610, 807)
(610, 808)
(610, 809)
(611, 809)
(612, 809)
(612, 810)
(613, 810)
(613, 811)
(613, 812)
(614, 812)
(615, 812)
(616, 812)
(617, 812)
(617, 813)
(618, 813)
(618, 812)
(619, 812)
(619, 811)
(620, 811)
(621, 811)
(622, 811)
(623, 811)
(623, 812)
(624, 812)
(624, 811)
(625, 811)
(626, 811)
(627, 811)
(628, 811)
(629, 811)
(629, 810)
(630, 810)
(631, 810)
(631, 811)
(631, 812)
(631, 813)
(632, 813)
(632, 812)
(633, 812)
(633, 811)
(633, 810)
(633, 809)
(633, 808)
(632, 808)
(632, 807)
(633, 807)
(634, 807)
(634, 808)
(635, 808)
(635, 807)
(635, 806)
(636, 806)
(636, 805)
(636, 804)
(636, 803)
(637, 803)
(637, 802)
(637, 801)
(638, 801)
(638, 802)
(638, 803)
(639, 803)
(640, 803)
(641, 803)
(642, 803)
(642, 802)
(643, 802)
(644, 802)
(644, 803)
(645, 803)
(646, 803)
(646, 804)
(647, 804)
(648, 804)
(648, 803)
(649, 803)
(650, 803)
(651, 803)
(651, 802)
(651, 801)
(652, 801)
(653, 801)
(653, 800)
(654, 800)
(655, 800)
(655, 799)
(655, 798)
(656, 798)
(657, 798)
(658, 798)
(658, 799)
(658, 800)
(659, 800)
(660, 800)
(661, 800)
(662, 800)
(662, 799)
(662, 798)
(662, 797)
(661, 797)
(661, 796)
(661, 795)
(662, 795)
(663, 795)
(664, 795)
(664, 796)
(665, 796)
(666, 796)
(666, 795)
(667, 795)
(667, 796)
(667, 797)
(668, 797)
(668, 796)
(669, 796)
(669, 795)
(669, 794)
(670, 794)
(671, 794)
(671, 793)
(672, 793)
(673, 793)
(673, 794)
(674, 794)
(674, 793)
(675, 793)
(676, 793)
(677, 793)
(677, 794)
(677, 795)
(677, 796)
(676, 796)
(676, 797)
(676, 798)
(676, 799)
(676, 800)
(675, 800)
(675, 801)
(675, 802)
(675, 803)
(675, 804)
(675, 805)
(675, 806)
(675, 807)
(675, 808)
(675, 809)
(676, 809)
(677, 809)
(678, 809)
(678, 810)
(679, 810)
(680, 810)
(680, 811)
(679, 811)
(679, 812)
(680, 812)
(681, 812)
(682, 812)
(682, 813)
(682, 814)
(682, 815)
(682, 816)
(683, 816)
(684, 816)
(684, 817)
(684, 818)
(685, 818)
(686, 818)
(686, 819)
(687, 819)
(688, 819)
(689, 819)
(689, 818)
(689, 817)
(689, 816)
(690, 816)
(691, 816)
(692, 816)
(693, 816)
(693, 817)
(693, 818)
(693, 819)
(693, 820)
(692, 820)
(691, 820)
(691, 821)
(691, 822)
(690, 822)
(690, 823)
(691, 823)
(692, 823)
(692, 824)
(692, 825)
(691, 825)
(691, 826)
(692, 826)
(692, 827)
(692, 828)
(691, 828)
(690, 828)
(689, 828)
(689, 829)
(689, 830)
(688, 830)
(687, 830)
(686, 830)
(685, 830)
(684, 830)
(684, 831)
(684, 832)
(683, 832)
(682, 832)
(681, 832)
(680, 832)
(679, 832)
(678, 832)
(677, 832)
(677, 833)
(677, 834)
(677, 835)
(676, 835)
(675, 835)
(674, 835)
(674, 836)
(673, 836)
(672, 836)
(672, 835)
(671, 835)
(671, 836)
(671, 837)
(670, 837)
(670, 838)
(669, 838)
(668, 838)
(667, 838)
(666, 838)
(666, 837)
(665, 837)
(665, 836)
(664, 836)
(663, 836)
(662, 836)
(662, 837)
(662, 838)
(661, 838)
(660, 838)
(659, 838)
(659, 839)
(658, 839)
(658, 840)
(657, 840)
(657, 841)
(658, 841)
(658, 842)
(659, 842)
(659, 843)
(658, 843)
(658, 844)
(658, 845)
(657, 845)
(656, 845)
(656, 846)
(655, 846)
(655, 847)
(655, 848)
(655, 849)
(655, 850)
(655, 851)
(655, 852)
(655, 853)
(656, 853)
(656, 854)
(657, 854)
(657, 855)
(658, 855)
(659, 855)
(660, 855)
(660, 856)
(660, 857)
(660, 858)
(660, 859)
(659, 859)
(659, 860)
(658, 860)
(657, 860)
(656, 860)
(656, 859)
(655, 859)
(655, 860)
(654, 860)
(653, 860)
(653, 861)
(654, 861)
(655, 861)
(655, 862)
(654, 862)
(654, 863)
(653, 863)
(653, 864)
(653, 865)
(654, 865)
(655, 865)
(656, 865)
(656, 864)
(656, 863)
(657, 863)
(658, 863)
(658, 864)
(658, 865)
(659, 865)
(660, 865)
(661, 865)
(662, 865)
(663, 865)
(664, 865)
(665, 865)
(665, 866)
(666, 866)
(666, 867)
(665, 867)
(664, 867)
(664, 868)
(665, 868)
(665, 869)
(665, 870)
(666, 870)
(667, 870)
(668, 870)
(669, 870)
(669, 871)
(669, 872)
(669, 873)
(668, 873)
(668, 874)
(668, 875)
(668, 876)
(667, 876)
(667, 877)
(667, 878)
(667, 879)
(667, 880)
(667, 881)
(668, 881)
(669, 881)
(669, 882)
(669, 883)
(670, 883)
(671, 883)
(672, 883)
(672, 884)
(672, 885)
(673, 885)
(674, 885)
(674, 886)
(674, 887)
(675, 887)
(675, 886)
(675, 885)
(676, 885)
(677, 885)
(677, 886)
(678, 886)
(678, 887)
(679, 887)
(679, 888)
(680, 888)
(680, 889)
(681, 889)
(681, 890)
(681, 891)
(681, 892)
(681, 893)
(681, 894)
(681, 895)
(681, 896)
(680, 896)
(679, 896)
(679, 895)
(678, 895)
(677, 895)
(677, 896)
(677, 897)
(676, 897)
(676, 898)
(676, 899)
(676, 900)
(675, 900)
(674, 900)
(674, 901)
(673, 901)
(672, 901)
(671, 901)
(671, 900)
(670, 900)
(669, 900)
(669, 901)
(669, 902)
(668, 902)
(668, 903)
(668, 904)
(668, 905)
(668, 906)
(668, 907)
(669, 907)
(669, 908)
(669, 909)
(669, 910)
(668, 910)
(668, 911)
(667, 911)
(666, 911)
(665, 911)
(665, 910)
(665, 909)
(665, 908)
(665, 907)
(665, 906)
(664, 906)
(663, 906)
(662, 906)
(661, 906)
(661, 905)
(660, 905)
(660, 904)
(660, 903)
(660, 902)
(659, 902)
(659, 901)
(658, 901)
(658, 900)
(657, 900)
(656, 900)
(656, 901)
(655, 901)
(655, 900)
(654, 900)
(653, 900)
(653, 901)
(652, 901)
(651, 901)
(650, 901)
(649, 901)
(649, 902)
(648, 902)
(648, 903)
(647, 903)
(647, 902)
(647, 901)
(646, 901)
(645, 901)
(645, 900)
(645, 899)
(645, 898)
(646, 898)
(646, 897)
(647, 897)
(647, 896)
(646, 896)
(646, 895)
(646, 894)
(646, 893)
(645, 893)
(645, 892)
(644, 892)
(644, 893)
(643, 893)
(643, 894)
(643, 895)
(643, 896)
(642, 896)
(642, 897)
(641, 897)
(641, 898)
(641, 899)
(641, 900)
(641, 901)
(640, 901)
(640, 900)
(639, 900)
(639, 899)
(638, 899)
(638, 898)
(638, 897)
(638, 896)
(637, 896)
(637, 895)
(636, 895)
(635, 895)
(635, 894)
(635, 893)
(635, 892)
(634, 892)
(633, 892)
(633, 893)
(633, 894)
(632, 894)
(632, 895)
(631, 895)
(630, 895)
(629, 895)
(628, 895)
(628, 896)
(628, 897)
(627, 897)
(627, 896)
(626, 896)
(625, 896)
(624, 896)
(623, 896)
(623, 897)
(622, 897)
(622, 898)
(621, 898)
(620, 898)
(619, 898)
(619, 899)
(618, 899)
(617, 899)
(617, 900)
(616, 900)
(615, 900)
(615, 899)
(615, 898)
(614, 898)
(613, 898)
(612, 898)
(611, 898)
(611, 899)
(610, 899)
(609, 899)
(608, 899)
(608, 898)
(607, 898)
(607, 899)
(607, 900)
(607, 901)
(607, 902)
(606, 902)
(605, 902)
(604, 902)
(603, 902)
(602, 902)
(602, 901)
(603, 901)
(603, 900)
(603, 899)
(602, 899)
(602, 898)
(601, 898)
(601, 899)
(600, 899)
(599, 899)
(598, 899)
(597, 899)
(596, 899)
(596, 898)
(595, 898)
(594, 898)
(594, 897)
(595, 897)
(596, 897)
(596, 896)
(595, 896)
(595, 895)
(595, 894)
(595, 893)
(595, 892)
(594, 892)
(593, 892)
(592, 892)
(592, 893)
(592, 894)
(591, 894)
(591, 895)
(591, 896)
(592, 896)
(592, 897)
(591, 897)
(590, 897)
(590, 898)
(589, 898)
(588, 898)
(588, 899)
(587, 899)
(586, 899)
(586, 900)
(585, 900)
(585, 899)
(585, 898)
(585, 897)
(585, 896)
(584, 896)
(583, 896)
(583, 897)
(582, 897)
(582, 896)
(581, 896)
(580, 896)
(579, 896)
(579, 895)
(578, 895)
(578, 896)
(578, 897)
(577, 897)
(577, 896)
(576, 896)
(575, 896)
(575, 897)
(575, 898)
(575, 899)
(574, 899)
(573, 899)
(572, 899)
(571, 899)
(571, 898)
(571, 897)
(571, 896)
(572, 896)
(572, 895)
(573, 895)
(574, 895)
(574, 894)
(574, 893)
(574, 892)
(574, 891)
(573, 891)
(572, 891)
(571, 891)
(570, 891)
(569, 891)
(569, 890)
(569, 889)
(569, 888)
(568, 888)
(567, 888)
(567, 887)
(567, 886)
(566, 886)
(566, 885)
(566, 884)
(565, 884)
(564, 884)
(563, 884)
(562, 884)
(561, 884)
(560, 884)
(559, 884)
(558, 884)
(558, 885)
(558, 886)
(557, 886)
(556, 886)
(555, 886)
(554, 886)
(554, 887)
(553, 887)
(552, 887)
(551, 887)
(551, 886)
(551, 885)
(551, 884)
(551, 883)
(551, 882)
(551, 881)
(550, 881)
(549, 881)
(549, 882)
(548, 882)
(548, 881)
(548, 880)
(547, 880)
(547, 879)
(546, 879)
(546, 878)
(545, 878)
(545, 879)
(544, 879)
(543, 879)
(543, 880)
(543, 881)
(542, 881)
(541, 881)
(540, 881)
(539, 881)
(539, 882)
(539, 883)
(539, 884)
(538, 884)
(537, 884)
(536, 884)
(535, 884)
(535, 885)
(536, 885)
(536, 886)
(537, 886)
(537, 887)
(538, 887)
(538, 888)
(538, 889)
(537, 889)
(537, 890)
(536, 890)
(536, 891)
(535, 891)
(535, 890)
(535, 889)
(534, 889)
(534, 890)
(534, 891)
(533, 891)
(532, 891)
(531, 891)
(531, 892)
(530, 892)
(529, 892)
(529, 891)
(529, 890)
(529, 889)
(529, 888)
(528, 888)
(527, 888)
(526, 888)
(526, 889)
(526, 890)
(526, 891)
(525, 891)
(524, 891)
(523, 891)
(523, 892)
(523, 893)
(522, 893)
(522, 894)
(521, 894)
(521, 893)
(521, 892)
(521, 891)
(520, 891)
(519, 891)
(519, 892)
(518, 892)
(518, 893)
(517, 893)
(516, 893)
(515, 893)
(514, 893)
(513, 893)
(512, 893)
(511, 893)
(511, 892)
(510, 892)
(510, 891)
(509, 891)
(509, 892)
(508, 892)
(507, 892)
(507, 891)
(506, 891)
(505, 891)
(505, 890)
(506, 890)
(506, 889)
(505, 889)
(504, 889)
(503, 889)
(502, 889)
(502, 890)
(502, 891)
(502, 892)
(501, 892)
(500, 892)
(499, 892)
(498, 892)
(497, 892)
(496, 892)
(495, 892)
(495, 891)
(495, 890)
(495, 889)
(495, 888)
(494, 888)
(493, 888)
(492, 888)
(491, 888)
(490, 888)
(489, 888)
(489, 887)
(489, 886)
(488, 886)
(487, 886)
(486, 886)
(486, 885)
(485, 885)
(484, 885)
(484, 886)
(484, 887)
(484, 888)
(484, 889)
(484, 890)
(483, 890)
(483, 889)
(482, 889)
(481, 889)
(481, 888)
(481, 887)
(481, 886)
(481, 885)
(480, 885)
(480, 886)
(479, 886)
(478, 886)
(478, 885)
(477, 885)
(476, 885)
(476, 884)
(476, 883)
(476, 882)
(476, 881)
(475, 881)
(475, 880)
(475, 879)
(476, 879)
(477, 879)
(477, 878)
(477, 877)
(477, 876)
(477, 875)
(477, 874)
(477, 873)
(478, 873)
(478, 872)
(479, 872)
(479, 871)
(479, 870)
(479, 869)
(479, 868)
(480, 868)
(481, 868)
(481, 867)
(481, 866)
(481, 865)
(482, 865)
(482, 864)
(482, 863)
(481, 863)
(481, 862)
(481, 861)
(481, 860)
(482, 860)
(483, 860)
(484, 860)
(485, 860)
(485, 861)
(484, 861)
(484, 862)
(484, 863)
(484, 864)
(485, 864)
(485, 865)
(485, 866)
(486, 866)
(487, 866)
(487, 867)
(488, 867)
(488, 866)
(488, 865)
(489, 865)
(489, 864)
(489, 863)
(488, 863)
(488, 862)
(488, 861)
(487, 861)
(487, 860)
(486, 860)
(486, 859)
(487, 859)
(487, 858)
(487, 857)
(488, 857)
(489, 857)
(489, 856)
(489, 855)
(490, 855)
(490, 854)
(490, 853)
(489, 853)
(488, 853)
(488, 854)
(487, 854)
(486, 854)
(486, 853)
(486, 852)
(486, 851)
(486, 850)
(486, 849)
(485, 849)
(484, 849)
(484, 848)
(484, 847)
(485, 847)
(486, 847)
(486, 846)
(487, 846)
(487, 845)
(487, 844)
(488, 844)
(489, 844)
(489, 843)
(489, 842)
(489, 841)
(490, 841)
(490, 840)
(489, 840)
(489, 839)
(490, 839)
(490, 838)
(490, 837)
(489, 837)
(489, 836)
(489, 835)
(490, 835)
(490, 836)
(491, 836)
(491, 837)
(492, 837)
(493, 837)
(494, 837)
(494, 836)
(495, 836)
(495, 835)
(495, 834)
(496, 834)
(496, 833)
(497, 833)
(497, 832)
(498, 832)
(499, 832)
(500, 832)
(500, 831)
(500, 830)
(500, 829)
(500, 828)
(501, 828)
(502, 828)
(503, 828)
(504, 828)
(504, 827)
(505, 827)
(505, 826)
(504, 826)
(504, 825)
(505, 825)
(505, 824)
(504, 824)
(503, 824)
(503, 823)
(502, 823)
(501, 823)
(501, 824)
(500, 824)
(500, 825)
(499, 825)
(498, 825)
(498, 824)
(497, 824)
(496, 824)
(496, 823)
(497, 823)
(497, 822)
(497, 821)
(497, 820)
(496, 820)
(495, 820)
(494, 820)
(494, 819)
(493, 819)
(492, 819)
(492, 818)
(492, 817)
(492, 816)
(492, 815)
(491, 815)
(491, 814)
(490, 814)
(489, 814)
(489, 815)
(490, 815)
(490, 816)
(489, 816)
(488, 816)
(488, 817)
(487, 817)
(486, 817)
(486, 816)
(485, 816)
(485, 815)
(484, 815)
(484, 814)
(483, 814)
(482, 814)
(481, 814)
(481, 815)
(480, 815)
(480, 814)
(479, 814)
(479, 813)
(479, 812)
(478, 812)
(478, 813)
(477, 813)
(477, 812)
(476, 812)
(476, 813)
(475, 813)
(474, 813)
(473, 813)
(473, 814)
(472, 814)
(471, 814)
(470, 814)
(469, 814)
(468, 814)
(468, 813)
(467, 813)
(466, 813)
(466, 812)
(467, 812)
(467, 811)
(468, 811)
(468, 810)
(467, 810)
(466, 810)
(466, 809)
(465, 809)
(464, 809)
(464, 808)
(465, 808)
(466, 808)
(466, 807)
(466, 806)
(466, 805)
(466, 804)
(467, 804)
(468, 804)
(468, 803)
(469, 803)
(469, 802)
(469, 801)
(470, 801)
(470, 800)
(470, 799)
(470, 798)
(470, 797)
(471, 797)
(471, 796)
(470, 796)
(469, 796)
(468, 796)
(467, 796)
(467, 795)
(467, 794)
(467, 793)
(467, 792)
(467, 791)
(467, 790)
(466, 790)
(466, 789)
(465, 789)
(464, 789)
(463, 789)
(463, 788)
(464, 788)
(464, 787)
(464, 786)
(464, 785)
(465, 785)
(465, 784)
(464, 784)
(463, 784)
(462, 784)
(462, 783)
(463, 783)
(463, 782)
(462, 782)
(461, 782)
(460, 782)
(459, 782)
(459, 781)
(459, 780)
(458, 780)
(457, 780)
(456, 780)
(456, 779)
(456, 778)
(456, 777)
(456, 776)
(456, 775)
(455, 775)
(455, 776)
(455, 777)
(454, 777)
(453, 777)
(452, 777)
(452, 776)
(451, 776)
(450, 776)
(450, 775)
(449, 775)
(448, 775)
(448, 774)
(447, 774)
(446, 774)
(446, 773)
(445, 773)
(444, 773)
(443, 773)
(443, 774)
(442, 774)
(442, 775)
(442, 776)
(441, 776)
(441, 777)
(440, 777)
(440, 778)
(440, 779)
(439, 779)
(439, 778)
(438, 778)
(437, 778)
(437, 777)
(436, 777)
(435, 777)
(435, 776)
(435, 775)
(434, 775)
(433, 775)
(432, 775)
(432, 776)
(433, 776)
(433, 777)
(432, 777)
(432, 778)
(431, 778)
(431, 777)
(431, 776)
(430, 776)
(429, 776)
(428, 776)
(428, 777)
(429, 777)
(429, 778)
(429, 779)
(428, 779)
(427, 779)
(426, 779)
(425, 779)
(425, 778)
(425, 777)
(425, 776)
(425, 775)
(426, 775)
(426, 774)
(426, 773)
(426, 772)
(425, 772)
(425, 771)
(425, 770)
(426, 770)
(426, 769)
(425, 769)
(425, 768)
(425, 767)
(424, 767)
(423, 767)
(423, 766)
(423, 765)
(423, 764)
(422, 764)
(422, 763)
(422, 762)
(423, 762)
(423, 761)
(422, 761)
(422, 760)
(423, 760)
(423, 759)
(423, 758)
(423, 757)
(424, 757)
(425, 757)
(425, 756)
(425, 755)
(425, 754)
(425, 753)
(425, 752)
(426, 752)
(426, 751)
(427, 751)
(428, 751)
(428, 750)
(428, 749)
(429, 749)
(429, 748)
(429, 747)
(429, 746)
(428, 746)
(427, 746)
(427, 747)
(426, 747)
(426, 746)
(425, 746)
(424, 746)
(423, 746)
(422, 746)
(422, 747)
(422, 748)
(421, 748)
(420, 748)
(420, 747)
(420, 746)
(420, 745)
(420, 744)
(419, 744)
(419, 743)
(418, 743)
(418, 742)
(418, 741)
(417, 741)
(417, 740)
(416, 740)
(416, 739)
(417, 739)
(417, 738)
(416, 738)
(416, 737)
(415, 737)
(415, 736)
(415, 735)
(414, 735)
(413, 735)
(413, 734)
(412, 734)
(411, 734)
(410, 734)
(410, 733)
(410, 732)
(411, 732)
(411, 731)
(412, 731)
(412, 730)
(412, 729)
(412, 728)
(411, 728)
(411, 729)
(410, 729)
(410, 730)
(409, 730)
(408, 730)
(407, 730)
(407, 729)
(408, 729)
(408, 728)
(408, 727)
(408, 726)
(408, 725)
(408, 724)
(407, 724)
(406, 724)
(405, 724)
(404, 724)
(404, 723)
(404, 722)
(404, 721)
(403, 721)
(403, 720)
(402, 720)
(402, 719)
(402, 718)
(402, 717)
(402, 716)
(401, 716)
(400, 716)
(400, 715)
(400, 714)
(400, 713)
(399, 713)
(398, 713)
(397, 713)
(397, 714)
(396, 714)
(396, 715)
(395, 715)
(394, 715)
(394, 714)
(394, 713)
(393, 713)
(393, 714)
(392, 714)
(392, 713)
(391, 713)
(391, 714)
(390, 714)
(390, 713)
(390, 712)
(390, 711)
(390, 710)
(390, 709)
(390, 708)
(389, 708)
(388, 708)
(387, 708)
(387, 707)
(387, 706)
(386, 706)
(386, 705)
(385, 705)
(384, 705)
(384, 704)
(384, 703)
(384, 702)
(385, 702)
(385, 701)
(385, 700)
(384, 700)
(384, 699)
(384, 698)
(383, 698)
(383, 697)
(384, 697)
(384, 696)
(383, 696)
(383, 695)
(382, 695)
(382, 694)
(382, 693)
(382, 692)
(383, 692)
(384, 692)
(384, 691)
(385, 691)
(386, 691)
(387, 691)
(388, 691)
(388, 690)
(389, 690)
(389, 689)
(389, 688)
(390, 688)
(390, 687)
(391, 687)
(391, 686)
(391, 685)
(390, 685)
(390, 684)
(390, 683)
(390, 682)
(391, 682)
(392, 682)
(392, 681)
(393, 681)
(393, 680)
(394, 680)
(394, 679)
(393, 679)
(393, 678)
(394, 678)
(394, 677)
(395, 677)
(395, 676)
(394, 676)
(394, 675)
(394, 674)
(395, 674)
(395, 673)
(395, 672)
(395, 671)
(394, 671)
(393, 671)
(392, 671)
(391, 671)
(390, 671)
(389, 671)
(389, 670)
(389, 669)
(389, 668)
(388, 668)
(388, 669)
(387, 669)
(387, 668)
(386, 668)
(385, 668)
(384, 668)
(383, 668)
(383, 667)
(383, 666)
(382, 666)
(382, 665)
(382, 664)
(382, 663)
(383, 663)
(384, 663)
(385, 663)
(385, 662)
(385, 661)
(385, 660)
(385, 659)
(386, 659)
(387, 659)
(388, 659)
(389, 659)
(389, 660)
(390, 660)
(391, 660)
(391, 659)
(391, 658)
(390, 658)
(390, 657)
(390, 656)
(391, 656)
(391, 655)
(391, 654)
(391, 653)
(391, 652)
(391, 651)
(392, 651)
(393, 651)
(393, 650)
(393, 649)
(392, 649)
(392, 648)
(392, 647)
(393, 647)
(394, 647)
(394, 646)
(393, 646)
(392, 646)
(391, 646)
(390, 646)
(390, 645)
(390, 644)
(389, 644)
(388, 644)
(388, 643)
(389, 643)
(389, 642)
(389, 641)
(388, 641)
(387, 641)
(387, 640)
(386, 640)
(385, 640)
(385, 641)
(384, 641)
(383, 641)
(383, 640)
(382, 640)
(382, 639)
(382, 638)
(383, 638)
(384, 638)
(384, 637)
(384, 636)
(384, 635)
(384, 634)
(385, 634)
(386, 634)
(387, 634)
(388, 634)
(388, 633)
(388, 632)
(388, 631)
(387, 631)
(387, 630)
(388, 630)
(388, 629)
(388, 628)
(388, 627)
(389, 627)
(389, 626)
(390, 626)
(390, 625)
(391, 625)
(392, 625)
(393, 625)
(394, 625)
(394, 626)
(395, 626)
(396, 626)
(396, 625)
(396, 624)
(395, 624)
(394, 624)
(393, 624)
(393, 623)
(393, 622)
(393, 621)
(393, 620)
(392, 620)
(391, 620)
(390, 620)
(390, 619)
(390, 618)
(389, 618)
(388, 618)
(388, 617)
(387, 617)
(387, 618)
(387, 619)
(387, 620)
(386, 620)
(385, 620)
(385, 619)
(384, 619)
(383, 619)
(382, 619)
(381, 619)
(381, 620)
(380, 620)
(380, 619)
(379, 619)
(379, 618)
(378, 618)
(378, 617)
(378, 616)
(379, 616)
(380, 616)
(380, 615)
(379, 615)
(378, 615)
(378, 614)
(378, 613)
(377, 613)
(377, 614)
(377, 615)
(377, 616)
(376, 616)
(376, 615)
(376, 614)
(376, 613)
(375, 613)
(374, 613)
(373, 613)
(373, 612)
(372, 612)
(371, 612)
(371, 613)
(370, 613)
(370, 614)
(369, 614)
(369, 615)
(369, 616)
(369, 617)
(368, 617)
(368, 618)
(367, 618)
(366, 618)
(366, 617)
(365, 617)
(365, 616)
(366, 616)
(366, 615)
(365, 615)
(364, 615)
(364, 614)
(363, 614)
(363, 613)
(363, 612)
(363, 611)
(362, 611)
(361, 611)
(361, 612)
(361, 613)
(362, 613)
(362, 614)
(361, 614)
(360, 614)
(359, 614)
(359, 615)
(358, 615)
(358, 614)
(357, 614)
(356, 614)
(355, 614)
(355, 615)
(354, 615)
(354, 616)
(354, 617)
(354, 618)
(354, 619)
(354, 620)
(354, 621)
(354, 622)
(355, 622)
(355, 623)
(355, 624)
(356, 624)
(356, 625)
(356, 626)
(356, 627)
(356, 628)
(357, 628)
(357, 629)
(357, 630)
(357, 631)
(357, 632)
(357, 633)
(356, 633)
(355, 633)
(355, 632)
(355, 631)
(354, 631)
(353, 631)
(352, 631)
(352, 630)
(351, 630)
(350, 630)
(349, 630)
(348, 630)
(348, 629)
(349, 629)
(349, 628)
(348, 628)
(347, 628)
(347, 629)
(347, 630)
(346, 630)
(345, 630)
(344, 630)
(344, 631)
(344, 632)
(344, 633)
(343, 633)
(343, 634)
(342, 634)
(341, 634)
(341, 633)
(340, 633)
(339, 633)
(339, 634)
(338, 634)
(337, 634)
(337, 635)
(337, 636)
(337, 637)
(336, 637)
(336, 638)
(336, 639)
(337, 639)
(337, 640)
(338, 640)
(339, 640)
(339, 641)
(340, 641)
(340, 642)
(339, 642)
(339, 643)
(340, 643)
(341, 643)
(341, 644)
(341, 645)
(341, 646)
(342, 646)
(342, 647)
(342, 648)
(343, 648)
(343, 649)
(343, 650)
(343, 651)
(342, 651)
(342, 650)
(341, 650)
(340, 650)
(340, 651)
(339, 651)
(338, 651)
(338, 652)
(338, 653)
(338, 654)
(338, 655)
(337, 655)
(337, 656)
(336, 656)
(335, 656)
(335, 655)
(334, 655)
(333, 655)
(333, 654)
(334, 654)
(334, 653)
(334, 652)
(333, 652)
(333, 651)
(332, 651)
(331, 651)
(330, 651)
(330, 650)
(329, 650)
(328, 650)
(327, 650)
(326, 650)
(326, 651)
(325, 651)
(324, 651)
(324, 652)
(324, 653)
(324, 654)
(325, 654)
(326, 654)
(326, 655)
(325, 655)
(324, 655)
(323, 655)
(322, 655)
(321, 655)
(321, 654)
(320, 654)
(319, 654)
(318, 654)
(318, 653)
(318, 652)
(317, 652)
(317, 651)
(316, 651)
(315, 651)
(314, 651)
(314, 650)
(314, 649)
(314, 648)
(314, 647)
(313, 647)
(312, 647)
(312, 646)
(312, 645)
(312, 644)
(311, 644)
(311, 643)
(311, 642)
(310, 642)
(310, 643)
(309, 643)
(309, 644)
(308, 644)
(308, 645)
(307, 645)
(307, 644)
(306, 644)
(306, 643)
(305, 643)
(305, 644)
(304, 644)
(304, 643)
(303, 643)
(302, 643)
(301, 643)
(301, 642)
(301, 641)
(301, 640)
(300, 640)
(299, 640)
(299, 639)
(300, 639)
(301, 639)
(301, 638)
(302, 638)
(302, 637)
(303, 637)
(303, 636)
(304, 636)
(304, 635)
(303, 635)
(303, 634)
(302, 634)
(301, 634)
(301, 635)
(300, 635)
(300, 636)
(300, 637)
(299, 637)
(298, 637)
(297, 637)
(296, 637)
(296, 638)
(296, 639)
(295, 639)
(294, 639)
(294, 638)
(293, 638)
(292, 638)
(291, 638)
(290, 638)
(289, 638)
(289, 637)
(288, 637)
(287, 637)
(287, 638)
(286, 638)
(286, 639)
(286, 640)
(286, 641)
(287, 641)
(287, 642)
(288, 642)
(288, 643)
(287, 643)
(286, 643)
(285, 643)
(285, 644)
(284, 644)
(284, 645)
(283, 645)
(283, 646)
(282, 646)
(282, 647)
(282, 648)
(281, 648)
(281, 649)
(280, 649)
(280, 650)
(280, 651)
(279, 651)
(279, 652)
(280, 652)
(280, 653)
(280, 654)
(279, 654)
(279, 655)
(278, 655)
(278, 656)
(278, 657)
(278, 658)
(278, 659)
(277, 659)
(277, 658)
(277, 657)
(276, 657)
(275, 657)
(275, 656)
(274, 656)
(274, 655)
(273, 655)
(272, 655)
(271, 655)
(270, 655)
(270, 656)
(269, 656)
(269, 657)
(269, 658)
(269, 659)
(269, 660)
(270, 660)
(270, 661)
(270, 662)
(271, 662)
(271, 663)
(272, 663)
(272, 664)
(273, 664)
(273, 663)
(274, 663)
(275, 663)
(275, 664)
(275, 665)
(276, 665)
(277, 665)
(278, 665)
(278, 666)
(278, 667)
(278, 668)
(279, 668)
(279, 669)
(279, 670)
(278, 670)
(278, 671)
(279, 671)
(279, 672)
(279, 673)
(280, 673)
(281, 673)
(281, 674)
(280, 674)
(279, 674)
(278, 674)
(277, 674)
(277, 675)
(277, 676)
(278, 676)
(279, 676)
(279, 677)
(280, 677)
(280, 678)
(280, 679)
(281, 679)
(282, 679)
(282, 680)
(281, 680)
(280, 680)
(279, 680)
(279, 681)
(279, 682)
(279, 683)
(280, 683)
(280, 684)
(279, 684)
(278, 684)
(277, 684)
(277, 685)
(277, 686)
(278, 686)
(279, 686)
(280, 686)
(281, 686)
(281, 687)
(280, 687)
(280, 688)
(280, 689)
(279, 689)
(278, 689)
(278, 690)
(278, 691)
(277, 691)
(277, 692)
(278, 692)
(278, 693)
(278, 694)
(278, 695)
(279, 695)
(280, 695)
(280, 696)
(281, 696)
(281, 697)
(281, 698)
(282, 698)
(282, 699)
(283, 699)
(283, 698)
(283, 697)
(283, 696)
(284, 696)
(285, 696)
(286, 696)
(286, 695)
(287, 695)
(288, 695)
(288, 696)
(289, 696)
(290, 696)
(290, 697)
(291, 697)
(292, 697)
(292, 698)
(292, 699)
(292, 700)
(292, 701)
(293, 701)
(293, 702)
(293, 703)
(294, 703)
(294, 704)
(294, 705)
(294, 706)
(293, 706)
(293, 707)
(294, 707)
(294, 708)
(293, 708)
(293, 709)
(294, 709)
(294, 710)
(294, 711)
(293, 711)
(292, 711)
(292, 712)
(291, 712)
(290, 712)
(289, 712)
(289, 711)
(290, 711)
(290, 710)
(291, 710)
(291, 709)
(290, 709)
(289, 709)
(288, 709)
(287, 709)
(287, 710)
(288, 710)
(288, 711)
(288, 712)
(287, 712)
(287, 713)
(286, 713)
(286, 714)
(286, 715)
(287, 715)
(287, 716)
(288, 716)
(289, 716)
(290, 716)
(290, 717)
(291, 717)
(291, 718)
(291, 719)
(291, 720)
(290, 720)
(290, 721)
(289, 721)
(288, 721)
(287, 721)
(286, 721)
(286, 720)
(285, 720)
(285, 721)
(284, 721)
(284, 722)
(284, 723)
(284, 724)
(283, 724)
(283, 725)
(282, 725)
(281, 725)
(281, 726)
(281, 727)
(281, 728)
(281, 729)
(281, 730)
(282, 730)
(282, 731)
(281, 731)
(280, 731)
(279, 731)
(279, 730)
(278, 730)
(277, 730)
(277, 731)
(277, 732)
(277, 733)
(276, 733)
(275, 733)
(275, 734)
(276, 734)
(276, 735)
(276, 736)
(276, 737)
(275, 737)
(274, 737)
(273, 737)
(273, 738)
(274, 738)
(274, 739)
(275, 739)
(276, 739)
(276, 740)
(277, 740)
(278, 740)
(279, 740)
(279, 739)
(279, 738)
(279, 737)
(280, 737)
(280, 736)
(281, 736)
(282, 736)
(283, 736)
(283, 737)
(283, 738)
(283, 739)
(282, 739)
(282, 740)
(283, 740)
(283, 741)
(282, 741)
(281, 741)
(281, 742)
(281, 743)
(282, 743)
(283, 743)
(284, 743)
(284, 744)
(284, 745)
(285, 745)
(286, 745)
(287, 745)
(288, 745)
(289, 745)
(289, 746)
(290, 746)
(290, 747)
(290, 748)
(290, 749)
(289, 749)
(288, 749)
(288, 750)
(287, 750)
(286, 750)
(286, 749)
(285, 749)
(284, 749)
(283, 749)
(283, 750)
(283, 751)
(283, 752)
(283, 753)
(282, 753)
(281, 753)
(281, 754)
(280, 754)
(280, 755)
(280, 756)
(281, 756)
(281, 757)
(281, 758)
(280, 758)
(280, 759)
(280, 760)
(279, 760)
(279, 761)
(279, 762)
(280, 762)
(281, 762)
(281, 763)
(280, 763)
(280, 764)
(280, 765)
(280, 766)
(280, 767)
(279, 767)
(279, 768)
(279, 769)
(279, 770)
(280, 770)
(280, 771)
(280, 772)
(280, 773)
(279, 773)
(278, 773)
(278, 772)
(277, 772)
(276, 772)
(275, 772)
(274, 772)
(274, 771)
(273, 771)
(272, 771)
(272, 772)
(271, 772)
(270, 772)
(270, 773)
(269, 773)
(269, 774)
(268, 774)
(267, 774)
(267, 775)
(268, 775)
(268, 776)
(267, 776)
(267, 777)
(268, 777)
(268, 778)
(268, 779)
(268, 780)
(268, 781)
(268, 782)
(268, 783)
(268, 784)
(268, 785)
(268, 786)
(268, 787)
(268, 788)
(268, 789)
(268, 790)
(268, 791)
(269, 791)
(270, 791)
(270, 790)
(270, 789)
(271, 789)
(272, 789)
(273, 789)
(273, 790)
(273, 791)
(273, 792)
(274, 792)
(274, 791)
(275, 791)
(275, 792)
(275, 793)
(276, 793)
(277, 793)
(277, 794)
(278, 794)
(278, 795)
(277, 795)
(276, 795)
(276, 796)
(276, 797)
(276, 798)
(276, 799)
(275, 799)
(274, 799)
(273, 799)
(272, 799)
(272, 798)
(271, 798)
(271, 797)
(270, 797)
(270, 796)
(269, 796)
(269, 795)
(269, 794)
(268, 794)
(267, 794)
(266, 794)
(266, 795)
(266, 796)
(265, 796)
(265, 797)
(265, 798)
(265, 799)
(264, 799)
(263, 799)
(263, 800)
(263, 801)
(263, 802)
(262, 802)
(262, 803)
(261, 803)
(261, 804)
(260, 804)
(259, 804)
(259, 805)
(259, 806)
(259, 807)
(259, 808)
(259, 809)
(259, 810)
(260, 810)
(260, 811)
(260, 812)
(259, 812)
(258, 812)
(258, 813)
(258, 814)
(258, 815)
(258, 816)
(259, 816)
(260, 816)
(260, 817)
(260, 818)
(261, 818)
(262, 818)
(263, 818)
(263, 819)
(263, 820)
(263, 821)
(264, 821)
(264, 822)
(265, 822)
(265, 823)
(265, 824)
(264, 824)
(263, 824)
(263, 823)
(262, 823)
(261, 823)
(260, 823)
(259, 823)
(258, 823)
(257, 823)
(257, 822)
(256, 822)
(255, 822)
(255, 821)
(254, 821)
(253, 821)
(253, 822)
(253, 823)
(253, 824)
(252, 824)
(252, 825)
(251, 825)
(251, 824)
(251, 823)
(250, 823)
(249, 823)
(248, 823)
(247, 823)
(246, 823)
(246, 822)
(246, 821)
(246, 820)
(246, 819)
(245, 819)
(244, 819)
(243, 819)
(243, 820)
(242, 820)
(241, 820)
(240, 820)
(240, 821)
(239, 821)
(238, 821)
(237, 821)
(237, 822)
(236, 822)
(235, 822)
(235, 823)
(235, 824)
(235, 825)
(235, 826)
(235, 827)
(236, 827)
(237, 827)
(238, 827)
(238, 828)
(239, 828)
(239, 829)
(239, 830)
(239, 831)
(240, 831)
(240, 830)
(240, 829)
(241, 829)
(242, 829)
(243, 829)
(243, 830)
(243, 831)
(243, 832)
(244, 832)
(245, 832)
(245, 833)
(245, 834)
(244, 834)
(244, 835)
(244, 836)
(243, 836)
(242, 836)
(242, 837)
(242, 838)
(242, 839)
(242, 840)
(241, 840)
(241, 841)
(240, 841)
(240, 842)
(240, 843)
(241, 843)
(242, 843)
(242, 844)
(241, 844)
(241, 845)
(240, 845)
(240, 844)
(239, 844)
(239, 845)
(239, 846)
(238, 846)
(238, 847)
(237, 847)
(236, 847)
(235, 847)
(235, 848)
(235, 849)
(236, 849)
(237, 849)
(237, 850)
(236, 850)
(235, 850)
(234, 850)
(234, 849)
(234, 848)
(233, 848)
(233, 849)
(233, 850)
(233, 851)
(233, 852)
(233, 853)
(233, 854)
(232, 854)
(232, 855)
(232, 856)
(231, 856)
(230, 856)
(229, 856)
(229, 855)
(228, 855)
(227, 855)
(227, 856)
(227, 857)
(226, 857)
(225, 857)
(225, 858)
(225, 859)
(226, 859)
(227, 859)
(227, 860)
(226, 860)
(226, 861)
(226, 862)
(226, 863)
(227, 863)
(227, 864)
(227, 865)
(228, 865)
(228, 866)
(227, 866)
(226, 866)
(226, 867)
(225, 867)
(224, 867)
(223, 867)
(223, 868)
(222, 868)
(222, 869)
(221, 869)
(220, 869)
(219, 869)
(219, 868)
(219, 867)
(220, 867)
(221, 867)
(221, 866)
(221, 865)
(221, 864)
(220, 864)
(220, 863)
(219, 863)
(218, 863)
(218, 864)
(217, 864)
(217, 863)
(217, 862)
(217, 861)
(217, 860)
(217, 859)
(217, 858)
(217, 857)
(216, 857)
(215, 857)
(214, 857)
(214, 858)
(214, 859)
(213, 859)
(213, 860)
(213, 861)
(214, 861)
(214, 860)
(215, 860)
(215, 861)
(215, 862)
(215, 863)
(214, 863)
(213, 863)
(213, 864)
(212, 864)
(211, 864)
(211, 865)
(210, 865)
(210, 866)
(209, 866)
(209, 867)
(208, 867)
(207, 867)
(206, 867)
(205, 867)
(205, 868)
(204, 868)
(204, 869)
(204, 870)
(205, 870)
(205, 871)
(204, 871)
(204, 872)
(204, 873)
(203, 873)
(202, 873)
(202, 874)
(202, 875)
(201, 875)
(201, 876)
(200, 876)
(199, 876)
(199, 875)
(199, 874)
(198, 874)
(197, 874)
(196, 874)
(195, 874)
(195, 873)
(194, 873)
(194, 874)
(194, 875)
(194, 876)
(194, 877)
(194, 878)
(194, 879)
(194, 880)
(194, 881)
(193, 881)
(193, 882)
(194, 882)
(195, 882)
(195, 883)
(196, 883)
(196, 882)
(197, 882)
(197, 883)
(197, 884)
(198, 884)
(199, 884)
(200, 884)
(200, 885)
(201, 885)
(202, 885)
(202, 886)
(203, 886)
(204, 886)
(205, 886)
(205, 887)
(206, 887)
(206, 888)
(206, 889)
(207, 889)
(208, 889)
(208, 890)
(208, 891)
(209, 891)
(210, 891)
(211, 891)
(211, 890)
(211, 889)
(211, 888)
(212, 888)
(212, 889)
(213, 889)
(214, 889)
(215, 889)
(216, 889)
(216, 890)
(216, 891)
(217, 891)
(217, 892)
(217, 893)
(216, 893)
(216, 894)
(215, 894)
(215, 895)
(215, 896)
(215, 897)
(215, 898)
(214, 898)
(214, 899)
(214, 900)
(213, 900)
(212, 900)
(212, 901)
(212, 902)
(213, 902)
(213, 903)
(214, 903)
(215, 903)
(216, 903)
(216, 904)
(217, 904)
(218, 904)
(219, 904)
(220, 904)
(220, 905)
(221, 905)
(221, 906)
(222, 906)
(223, 906)
(223, 907)
(223, 908)
(223, 909)
(224, 909)
(224, 910)
(224, 911)
(223, 911)
(223, 912)
(223, 913)
(222, 913)
(222, 914)
(222, 915)
(222, 916)
(221, 916)
(221, 917)
(222, 917)
(222, 918)
(222, 919)
(221, 919)
(221, 920)
(221, 921)
(221, 922)
(222, 922)
(222, 923)
(223, 923)
(223, 924)
(222, 924)
(221, 924)
(220, 924)
(220, 925)
(220, 926)
(221, 926)
(222, 926)
(222, 927)
(221, 927)
(221, 928)
(221, 929)
(221, 930)
(221, 931)
(222, 931)
(222, 932)
(222, 933)
(222, 934)
(221, 934)
(221, 935)
(221, 936)
(220, 936)
(220, 937)
(221, 937)
(221, 938)
(222, 938)
(222, 939)
(223, 939)
(224, 939)
(224, 940)
(224, 941)
(223, 941)
(222, 941)
(222, 942)
(222, 943)
(223, 943)
(223, 944)
(222, 944)
(222, 945)
(223, 945)
(223, 946)
(222, 946)
(221, 946)
(221, 947)
(220, 947)
(219, 947)
(219, 948)
(219, 949)
(220, 949)
(220, 950)
(221, 950)
(221, 951)
(221, 952)
(221, 953)
(222, 953)
(222, 954)
(221, 954)
(220, 954)
(220, 955)
(220, 956)
(221, 956)
(221, 957)
(220, 957)
(220, 958)
(219, 958)
(219, 957)
(218, 957)
(217, 957)
(216, 957)
(216, 956)
(215, 956)
(214, 956)
(214, 957)
(213, 957)
(212, 957)
(211, 957)
(211, 956)
(211, 955)
(211, 954)
(212, 954)
(213, 954)
(214, 954)
(214, 953)
(214, 952)
(213, 952)
(212, 952)
(211, 952)
(211, 951)
(210, 951)
(209, 951)
(208, 951)
(207, 951)
(206, 951)
(205, 951)
(205, 952)
(205, 953)
(204, 953)
(203, 953)
(202, 953)
(202, 952)
(201, 952)
(200, 952)
(200, 953)
(201, 953)
(201, 954)
(202, 954)
(202, 955)
(202, 956)
(202, 957)
(202, 958)
(202, 959)
(203, 959)
(204, 959)
(205, 959)
(205, 960)
(205, 961)
(204, 961)
(204, 962)
(205, 962)
(205, 963)
(206, 963)
(207, 963)
(207, 964)
(207, 965)
(206, 965)
(205, 965)
(204, 965)
(203, 965)
(203, 966)
(203, 967)
(203, 968)
(203, 969)
(203, 970)
(203, 971)
(203, 972)
(202, 972)
(202, 973)
(201, 973)
(200, 973)
(199, 973)
(198, 973)
(198, 974)
(198, 975)
(198, 976)
(197, 976)
(196, 976)
(196, 977)
(197, 977)
(197, 978)
(197, 979)
(197, 980)
(196, 980)
(195, 980)
(194, 980)
(194, 981)
(193, 981)
(192, 981)
(192, 982)
(192, 983)
(192, 984)
(192, 985)
(192, 986)
(192, 987)
(191, 987)
(190, 987)
(189, 987)
(189, 988)
(189, 989)
(190, 989)
(191, 989)
(192, 989)
(192, 990)
(193, 990)
(193, 991)
(192, 991)
(191, 991)
(190, 991)
(189, 991)
(189, 990)
(188, 990)
(188, 989)
(188, 988)
(187, 988)
(186, 988)
(186, 989)
(187, 989)
(187, 990)
(186, 990)
(185, 990)
(185, 989)
(184, 989)
(184, 988)
(183, 988)
(182, 988)
(181, 988)
(180, 988)
(179, 988)
(178, 988)
(177, 988)
(177, 989)
(177, 990)
(177, 991)
(176, 991)
(176, 992)
(176, 993)
(176, 994)
(176, 995)
(176, 996)
(177, 996)
(177, 997)
(177, 998)
(177, 999)
(176, 999)
(175, 999)
(174, 999)
