(336, 0)
(336, 1)
(335, 1)
(335, 2)
(334, 2)
(334, 3)
(334, 4)
(333, 4)
(333, 5)
(332, 5)
(331, 5)
(330, 5)
(330, 6)
(331, 6)
(331, 7)
(332, 7)
(333, 7)
(334, 7)
(334, 8)
(335, 8)
(335, 9)
(336, 9)
(336, 8)
(337, 8)
(337, 7)
(338, 7)
(338, 8)
(338, 9)
(338, 10)
(337, 10)
(337, 11)
(336, 11)
(336, 12)
(337, 12)
(337, 13)
(337, 14)
(336, 14)
(336, 15)
(337, 15)
(338, 15)
(338, 14)
(339, 14)
(340, 14)
(341, 14)
(341, 13)
(342, 13)
(342, 12)
(341, 12)
(341, 11)
(342, 11)
(342, 10)
(341, 10)
(340, 10)
(340, 9)
(341, 9)
(341, 8)
(342, 8)
(343, 8)
(344, 8)
(344, 9)
(345, 9)
(345, 8)
(345, 7)
(346, 7)
(346, 8)
(346, 9)
(347, 9)
(347, 10)
(348, 10)
(349, 10)
(350, 10)
(351, 10)
(351, 11)
(351, 12)
(352, 12)
(353, 12)
(353, 11)
(354, 11)
(355, 11)
(356, 11)
(357, 11)
(358, 11)
(359, 11)
(359, 12)
(360, 12)
(361, 12)
(361, 13)
(362, 13)
(362, 14)
(363, 14)
(363, 15)
(363, 16)
(364, 16)
(364, 17)
(364, 18)
(363, 18)
(363, 19)
(363, 20)
(363, 21)
(363, 22)
(364, 22)
(364, 23)
(364, 24)
(363, 24)
(362, 24)
(361, 24)
(360, 24)
(359, 24)
(359, 25)
(360, 25)
(361, 25)
(362, 25)
(362, 26)
(361, 26)
(361, 27)
(362, 27)
(362, 28)
(362, 29)
(362, 30)
(362, 31)
(361, 31)
(361, 32)
(360, 32)
(359, 32)
(358, 32)
(358, 33)
(358, 34)
(358, 35)
(358, 36)
(358, 37)
(358, 38)
(357, 38)
(357, 39)
(356, 39)
(355, 39)
(354, 39)
(353, 39)
(352, 39)
(351, 39)
(351, 40)
(350, 40)
(349, 40)
(348, 40)
(348, 41)
(348, 42)
(348, 43)
(348, 44)
(348, 45)
(349, 45)
(349, 44)
(350, 44)
(350, 45)
(350, 46)
(349, 46)
(349, 47)
(348, 47)
(348, 48)
(348, 49)
(349, 49)
(350, 49)
(351, 49)
(351, 50)
(352, 50)
(353, 50)
(354, 50)
(354, 51)
(354, 52)
(354, 53)
(353, 53)
(353, 54)
(353, 55)
(352, 55)
(351, 55)
(351, 56)
(351, 57)
(350, 57)
(349, 57)
(349, 58)
(348, 58)
(348, 59)
(349, 59)
(349, 60)
(348, 60)
(347, 60)
(346, 60)
(345, 60)
(345, 61)
(344, 61)
(344, 62)
(345, 62)
(346, 62)
(346, 63)
(345, 63)
(345, 64)
(346, 64)
(347, 64)
(347, 65)
(347, 66)
(348, 66)
(348, 67)
(348, 68)
(349, 68)
(350, 68)
(350, 69)
(351, 69)
(351, 70)
(351, 71)
(352, 71)
(352, 70)
(353, 70)
(354, 70)
(354, 69)
(355, 69)
(356, 69)
(356, 70)
(355, 70)
(355, 71)
(356, 71)
(356, 72)
(357, 72)
(358, 72)
(358, 73)
(359, 73)
(359, 74)
(358, 74)
(357, 74)
(357, 75)
(357, 76)
(357, 77)
(356, 77)
(355, 77)
(354, 77)
(354, 76)
(353, 76)
(352, 76)
(351, 76)
(351, 77)
(350, 77)
(349, 77)
(349, 76)
(349, 75)
(349, 74)
(348, 74)
(348, 75)
(347, 75)
(347, 74)
(347, 73)
(347, 72)
(346, 72)
(345, 72)
(345, 73)
(344, 73)
(344, 72)
(343, 72)
(343, 73)
(342, 73)
(341, 73)
(341, 74)
(340, 74)
(340, 75)
(339, 75)
(338, 75)
(337, 75)
(336, 75)
(336, 76)
(335, 76)
(334, 76)
(334, 77)
(334, 78)
(333, 78)
(332, 78)
(332, 77)
(332, 76)
(333, 76)
(333, 75)
(334, 75)
(334, 74)
(335, 74)
(335, 73)
(335, 72)
(335, 71)
(336, 71)
(337, 71)
(338, 71)
(339, 71)
(339, 70)
(338, 70)
(338, 69)
(338, 68)
(337, 68)
(336, 68)
(335, 68)
(334, 68)
(333, 68)
(332, 68)
(332, 67)
(333, 67)
(333, 66)
(333, 65)
(332, 65)
(331, 65)
(330, 65)
(330, 66)
(329, 66)
(329, 67)
(329, 68)
(329, 69)
(330, 69)
(330, 70)
(329, 70)
(328, 70)
(327, 70)
(327, 69)
(327, 68)
(327, 67)
(327, 66)
(326, 66)
(326, 67)
(325, 67)
(325, 68)
(324, 68)
(324, 69)
(323, 69)
(323, 70)
(323, 71)
(322, 71)
(321, 71)
(320, 71)
(319, 71)
(319, 70)
(319, 69)
(319, 68)
(320, 68)
(320, 67)
(319, 67)
(318, 67)
(317, 67)
(316, 67)
(315, 67)
(315, 66)
(314, 66)
(314, 67)
(314, 68)
(315, 68)
(315, 69)
(314, 69)
(314, 70)
(314, 71)
(313, 71)
(313, 72)
(312, 72)
(312, 73)
(312, 74)
(312, 75)
(313, 75)
(313, 76)
(314, 76)
(314, 77)
(315, 77)
(315, 78)
(315, 79)
(316, 79)
(316, 80)
(315, 80)
(315, 81)
(314, 81)
(314, 82)
(315, 82)
(316, 82)
(316, 83)
(316, 84)
(317, 84)
(317, 85)
(316, 85)
(316, 86)
(316, 87)
(316, 88)
(317, 88)
(318, 88)
(319, 88)
(320, 88)
(321, 88)
(321, 89)
(320, 89)
(320, 90)
(321, 90)
(322, 90)
(323, 90)
(324, 90)
(324, 91)
(323, 91)
(322, 91)
(322, 92)
(321, 92)
(321, 93)
(320, 93)
(320, 92)
(319, 92)
(318, 92)
(318, 93)
(318, 94)
(319, 94)
(319, 95)
(319, 96)
(319, 97)
(318, 97)
(317, 97)
(316, 97)
(315, 97)
(315, 98)
(314, 98)
(314, 99)
(314, 100)
(314, 101)
(314, 102)
(314, 103)
(314, 104)
(315, 104)
(316, 104)
(316, 103)
(317, 103)
(318, 103)
(318, 102)
(319, 102)
(320, 102)
(320, 103)
(320, 104)
(321, 104)
(321, 105)
(320, 105)
(320, 106)
(321, 106)
(321, 107)
(322, 107)
(323, 107)
(324, 107)
(325, 107)
(326, 107)
(326, 106)
(326, 105)
(327, 105)
(328, 105)
(328, 104)
(329, 104)
(329, 103)
(329, 102)
(330, 102)
(330, 101)
(331, 101)
(332, 101)
(333, 101)
(334, 101)
(335, 101)
(336, 101)
(336, 100)
(337, 100)
(337, 101)
(338, 101)
(339, 101)
(340, 101)
(340, 102)
(341, 102)
(341, 101)
(342, 101)
(343, 101)
(343, 102)
(344, 102)
(344, 101)
(345, 101)
(345, 100)
(346, 100)
(347, 100)
(348, 100)
(349, 100)
(349, 99)
(349, 98)
(349, 97)
(350, 97)
(351, 97)
(351, 98)
(352, 98)
(352, 97)
(352, 96)
(353, 96)
(353, 95)
(352, 95)
(352, 94)
(352, 93)
(353, 93)
(353, 92)
(353, 91)
(354, 91)
(355, 91)
(356, 91)
(356, 90)
(357, 90)
(357, 89)
(358, 89)
(358, 88)
(358, 87)
(358, 86)
(359, 86)
(360, 86)
(361, 86)
(362, 86)
(363, 86)
(363, 85)
(362, 85)
(362, 84)
(363, 84)
(364, 84)
(364, 85)
(364, 86)
(364, 87)
(365, 87)
(366, 87)
(367, 87)
(368, 87)
(369, 87)
(370, 87)
(371, 87)
(372, 87)
(372, 88)
(372, 89)
(373, 89)
(374, 89)
(374, 90)
(375, 90)
(375, 89)
(376, 89)
(376, 90)
(376, 91)
(376, 92)
(377, 92)
(377, 93)
(378, 93)
(378, 94)
(378, 95)
(378, 96)
(377, 96)
(377, 97)
(378, 97)
(379, 97)
(379, 98)
(379, 99)
(379, 100)
(378, 100)
(378, 99)
(377, 99)
(377, 100)
(376, 100)
(376, 101)
(376, 102)
(375, 102)
(375, 103)
(375, 104)
(376, 104)
(377, 104)
(378, 104)
(378, 105)
(378, 106)
(378, 107)
(378, 108)
(378, 109)
(378, 110)
(379, 110)
(380, 110)
(380, 111)
(380, 112)
(380, 113)
(380, 114)
(380, 115)
(380, 116)
(379, 116)
(378, 116)
(377, 116)
(377, 115)
(377, 114)
(376, 114)
(376, 115)
(375, 115)
(375, 116)
(375, 117)
(375, 118)
(376, 118)
(377, 118)
(377, 119)
(378, 119)
(379, 119)
(380, 119)
(380, 120)
(380, 121)
(381, 121)
(382, 121)
(382, 120)
(383, 120)
(383, 119)
(383, 118)
(384, 118)
(384, 117)
(385, 117)
(385, 116)
(385, 115)
(384, 115)
(384, 114)
(385, 114)
(386, 114)
(386, 115)
(387, 115)
(387, 114)
(388, 114)
(389, 114)
(389, 115)
(390, 115)
(391, 115)
(392, 115)
(392, 114)
(392, 113)
(393, 113)
(393, 114)
(394, 114)
(395, 114)
(396, 114)
(396, 113)
(396, 112)
(397, 112)
(397, 113)
(397, 114)
(397, 115)
(396, 115)
(396, 116)
(395, 116)
(395, 117)
(396, 117)
(396, 118)
(397, 118)
(397, 119)
(397, 120)
(397, 121)
(396, 121)
(396, 122)
(395, 122)
(395, 121)
(394, 121)
(393, 121)
(392, 121)
(392, 122)
(392, 123)
(391, 123)
(391, 124)
(390, 124)
(390, 125)
(391, 125)
(392, 125)
(392, 126)
(392, 127)
(393, 127)
(394, 127)
(394, 128)
(393, 128)
(393, 129)
(393, 130)
(393, 131)
(394, 131)
(394, 132)
(393, 132)
(393, 133)
(394, 133)
(395, 133)
(395, 134)
(396, 134)
(396, 135)
(395, 135)
(394, 135)
(394, 136)
(394, 137)
(393, 137)
(393, 136)
(392, 136)
(392, 137)
(392, 138)
(392, 139)
(391, 139)
(391, 140)
(390, 140)
(389, 140)
(389, 141)
(389, 142)
(388, 142)
(388, 143)
(387, 143)
(386, 143)
(386, 144)
(385, 144)
(384, 144)
(384, 145)
(384, 146)
(383, 146)
(382, 146)
(382, 147)
(382, 148)
(382, 149)
(381, 149)
(381, 150)
(380, 150)
(380, 151)
(381, 151)
(381, 152)
(380, 152)
(379, 152)
(378, 152)
(378, 151)
(378, 150)
(377, 150)
(377, 151)
(377, 152)
(376, 152)
(375, 152)
(375, 153)
(374, 153)
(374, 154)
(373, 154)
(373, 155)
(374, 155)
(375, 155)
(376, 155)
(376, 156)
(377, 156)
(377, 157)
(376, 157)
(376, 158)
(376, 159)
(376, 160)
(377, 160)
(377, 161)
(377, 162)
(378, 162)
(378, 163)
(378, 164)
(377, 164)
(377, 165)
(377, 166)
(377, 167)
(377, 168)
(377, 169)
(376, 169)
(375, 169)
(375, 170)
(375, 171)
(375, 172)
(375, 173)
(375, 174)
(375, 175)
(374, 175)
(374, 176)
(374, 177)
(375, 177)
(376, 177)
(376, 178)
(377, 178)
(377, 177)
(378, 177)
(379, 177)
(380, 177)
(380, 178)
(380, 179)
(381, 179)
(381, 180)
(381, 181)
(381, 182)
(381, 183)
(382, 183)
(382, 182)
(383, 182)
(384, 182)
(385, 182)
(386, 182)
(386, 183)
(386, 184)
(386, 185)
(385, 185)
(385, 186)
(385, 187)
(386, 187)
(386, 188)
(386, 189)
(385, 189)
(385, 190)
(384, 190)
(384, 191)
(384, 192)
(384, 193)
(384, 194)
(384, 195)
(384, 196)
(384, 197)
(385, 197)
(386, 197)
(387, 197)
(388, 197)
(389, 197)
(389, 198)
(388, 198)
(387, 198)
(386, 198)
(386, 199)
(386, 200)
(387, 200)
(387, 201)
(387, 202)
(387, 203)
(386, 203)
(386, 204)
(387, 204)
(388, 204)
(388, 205)
(387, 205)
(386, 205)
(385, 205)
(385, 206)
(384, 206)
(384, 207)
(384, 208)
(383, 208)
(383, 209)
(383, 210)
(383, 211)
(384, 211)
(385, 211)
(385, 212)
(384, 212)
(384, 213)
(384, 214)
(383, 214)
(383, 215)
(384, 215)
(384, 216)
(383, 216)
(382, 216)
(381, 216)
(381, 217)
(382, 217)
(383, 217)
(383, 218)
(383, 219)
(383, 220)
(382, 220)
(381, 220)
(381, 221)
(381, 222)
(381, 223)
(381, 224)
(382, 224)
(382, 225)
(382, 226)
(383, 226)
(383, 227)
(383, 228)
(383, 229)
(383, 230)
(384, 230)
(385, 230)
(386, 230)
(386, 231)
(385, 231)
(385, 232)
(385, 233)
(384, 233)
(384, 234)
(385, 234)
(386, 234)
(386, 235)
(386, 236)
(385, 236)
(385, 235)
(384, 235)
(384, 236)
(383, 236)
(383, 235)
(383, 234)
(382, 234)
(381, 234)
(380, 234)
(380, 235)
(379, 235)
(378, 235)
(377, 235)
(376, 235)
(376, 236)
(375, 236)
(375, 237)
(374, 237)
(374, 236)
(373, 236)
(373, 237)
(372, 237)
(372, 238)
(371, 238)
(370, 238)
(369, 238)
(368, 238)
(367, 238)
(367, 237)
(367, 236)
(368, 236)
(368, 235)
(367, 235)
(366, 235)
(365, 235)
(364, 235)
(364, 236)
(363, 236)
(362, 236)
(361, 236)
(361, 235)
(360, 235)
(360, 234)
(361, 234)
(361, 233)
(360, 233)
(360, 232)
(360, 231)
(361, 231)
(361, 230)
(361, 229)
(361, 228)
(361, 227)
(362, 227)
(363, 227)
(364, 227)
(364, 226)
(364, 225)
(365, 225)
(365, 224)
(366, 224)
(367, 224)
(367, 223)
(367, 222)
(366, 222)
(365, 222)
(365, 221)
(364, 221)
(363, 221)
(363, 220)
(362, 220)
(362, 219)
(361, 219)
(361, 220)
(361, 221)
(361, 222)
(360, 222)
(359, 222)
(358, 222)
(358, 223)
(358, 224)
(357, 224)
(356, 224)
(356, 225)
(356, 226)
(356, 227)
(356, 228)
(357, 228)
(357, 229)
(356, 229)
(356, 230)
(355, 230)
(354, 230)
(354, 229)
(354, 228)
(353, 228)
(352, 228)
(352, 229)
(351, 229)
(351, 228)
(350, 228)
(350, 229)
(349, 229)
(349, 230)
(348, 230)
(348, 231)
(347, 231)
(347, 232)
(347, 233)
(346, 233)
(346, 232)
(345, 232)
(345, 231)
(344, 231)
(343, 231)
(343, 232)
(342, 232)
(341, 232)
(341, 231)
(341, 230)
(342, 230)
(343, 230)
(344, 230)
(344, 229)
(344, 228)
(344, 227)
(343, 227)
(343, 226)
(343, 225)
(343, 224)
(342, 224)
(342, 223)
(342, 222)
(342, 221)
(342, 220)
(342, 219)
(341, 219)
(340, 219)
(340, 220)
(339, 220)
(339, 219)
(339, 218)
(338, 218)
(337, 218)
(336, 218)
(336, 219)
(335, 219)
(334, 219)
(333, 219)
(333, 218)
(333, 217)
(333, 216)
(334, 216)
(335, 216)
(336, 216)
(336, 215)
(336, 214)
(335, 214)
(335, 213)
(335, 212)
(334, 212)
(334, 211)
(334, 210)
(333, 210)
(332, 210)
(332, 209)
(333, 209)
(333, 208)
(332, 208)
(331, 208)
(331, 207)
(330, 207)
(329, 207)
(329, 208)
(328, 208)
(327, 208)
(327, 209)
(328, 209)
(328, 210)
(328, 211)
(327, 211)
(327, 212)
(327, 213)
(326, 213)
(325, 213)
(324, 213)
(323, 213)
(323, 214)
(322, 214)
(322, 215)
(322, 216)
(321, 216)
(320, 216)
(319, 216)
(319, 215)
(318, 215)
(317, 215)
(316, 215)
(316, 216)
(315, 216)
(315, 215)
(314, 215)
(314, 214)
(313, 214)
(313, 213)
(314, 213)
(314, 212)
(314, 211)
(313, 211)
(312, 211)
(311, 211)
(310, 211)
(309, 211)
(309, 212)
(308, 212)
(308, 211)
(308, 210)
(308, 209)
(308, 208)
(308, 207)
(307, 207)
(306, 207)
(306, 206)
(306, 205)
(305, 205)
(305, 204)
(306, 204)
(306, 203)
(306, 202)
(305, 202)
(305, 201)
(304, 201)
(304, 200)
(304, 199)
(305, 199)
(305, 198)
(304, 198)
(304, 197)
(303, 197)
(303, 196)
(304, 196)
(304, 195)
(304, 194)
(304, 193)
(304, 192)
(303, 192)
(302, 192)
(302, 191)
(302, 190)
(303, 190)
(303, 189)
(304, 189)
(304, 188)
(305, 188)
(305, 187)
(305, 186)
(304, 186)
(303, 186)
(302, 186)
(302, 187)
(301, 187)
(301, 186)
(300, 186)
(300, 185)
(301, 185)
(301, 184)
(301, 183)
(302, 183)
(303, 183)
(303, 182)
(303, 181)
(303, 180)
(303, 179)
(302, 179)
(302, 178)
(302, 177)
(301, 177)
(300, 177)
(300, 176)
(299, 176)
(298, 176)
(298, 175)
(297, 175)
(297, 174)
(297, 173)
(297, 172)
(297, 171)
(296, 171)
(296, 170)
(296, 169)
(295, 169)
(295, 170)
(294, 170)
(293, 170)
(292, 170)
(292, 171)
(291, 171)
(290, 171)
(289, 171)
(288, 171)
(288, 172)
(288, 173)
(287, 173)
(286, 173)
(285, 173)
(284, 173)
(284, 172)
(283, 172)
(283, 171)
(284, 171)
(284, 170)
(284, 169)
(284, 168)
(284, 167)
(284, 166)
(284, 165)
(283, 165)
(282, 165)
(282, 164)
(282, 163)
(281, 163)
(281, 164)
(280, 164)
(279, 164)
(278, 164)
(278, 163)
(277, 163)
(276, 163)
(275, 163)
(274, 163)
(274, 162)
(275, 162)
(275, 161)
(274, 161)
(273, 161)
(273, 162)
(272, 162)
(271, 162)
(270, 162)
(269, 162)
(268, 162)
(267, 162)
(266, 162)
(265, 162)
(264, 162)
(264, 163)
(264, 164)
(263, 164)
(263, 163)
(262, 163)
(261, 163)
(260, 163)
(260, 162)
(260, 161)
(261, 161)
(261, 160)
(260, 160)
(259, 160)
(258, 160)
(257, 160)
(257, 161)
(257, 162)
(256, 162)
(255, 162)
(254, 162)
(253, 162)
(253, 163)
(252, 163)
(251, 163)
(250, 163)
(249, 163)
(249, 164)
(248, 164)
(247, 164)
(246, 164)
(246, 163)
(245, 163)
(245, 162)
(244, 162)
(244, 163)
(244, 164)
(243, 164)
(243, 165)
(242, 165)
(242, 164)
(241, 164)
(240, 164)
(240, 165)
(239, 165)
(238, 165)
(237, 165)
(236, 165)
(236, 164)
(235, 164)
(234, 164)
(234, 163)
(233, 163)
(232, 163)
(232, 162)
(231, 162)
(230, 162)
(230, 161)
(230, 160)
(230, 159)
(229, 159)
(229, 158)
(228, 158)
(228, 157)
(228, 156)
(227, 156)
(226, 156)
(226, 157)
(226, 158)
(226, 159)
(225, 159)
(225, 160)
(225, 161)
(225, 162)
(226, 162)
(226, 163)
(226, 164)
(225, 164)
(225, 165)
(225, 166)
(225, 167)
(224, 167)
(223, 167)
(223, 168)
(222, 168)
(222, 167)
(221, 167)
(220, 167)
(220, 168)
(219, 168)
(218, 168)
(218, 167)
(217, 167)
(217, 166)
(217, 165)
(217, 164)
(216, 164)
(216, 165)
(216, 166)
(215, 166)
(214, 166)
(213, 166)
(212, 166)
(211, 166)
(211, 167)
(210, 167)
(210, 168)
(209, 168)
(208, 168)
(208, 169)
(207, 169)
(207, 170)
(207, 171)
(208, 171)
(209, 171)
(210, 171)
(210, 172)
(211, 172)
(211, 173)
(212, 173)
(213, 173)
(214, 173)
(215, 173)
(215, 174)
(215, 175)
(215, 176)
(216, 176)
(216, 177)
(215, 177)
(215, 178)
(216, 178)
(217, 178)
(218, 178)
(218, 179)
(218, 180)
(217, 180)
(217, 181)
(218, 181)
(218, 182)
(219, 182)
(219, 183)
(218, 183)
(217, 183)
(216, 183)
(215, 183)
(214, 183)
(214, 184)
(213, 184)
(212, 184)
(212, 185)
(211, 185)
(211, 186)
(211, 187)
(210, 187)
(210, 188)
(210, 189)
(209, 189)
(208, 189)
(207, 189)
(207, 188)
(206, 188)
(206, 189)
(206, 190)
(207, 190)
(207, 191)
(207, 192)
(206, 192)
(206, 191)
(205, 191)
(205, 192)
(204, 192)
(204, 193)
(203, 193)
(203, 192)
(202, 192)
(202, 191)
(201, 191)
(201, 190)
(202, 190)
(202, 189)
(201, 189)
(200, 189)
(199, 189)
(198, 189)
(198, 188)
(198, 187)
(197, 187)
(197, 186)
(198, 186)
(198, 185)
(198, 184)
(198, 183)
(197, 183)
(197, 184)
(196, 184)
(195, 184)
(195, 183)
(195, 182)
(195, 181)
(195, 180)
(195, 179)
(194, 179)
(194, 178)
(193, 178)
(193, 177)
(193, 176)
(193, 175)
(194, 175)
(194, 174)
(193, 174)
(192, 174)
(192, 175)
(191, 175)
(191, 176)
(190, 176)
(190, 177)
(189, 177)
(188, 177)
(187, 177)
(186, 177)
(185, 177)
(185, 178)
(184, 178)
(184, 179)
(185, 179)
(185, 180)
(185, 181)
(184, 181)
(184, 182)
(183, 182)
(183, 183)
(184, 183)
(184, 184)
(184, 185)
(184, 186)
(183, 186)
(182, 186)
(181, 186)
(181, 185)
(182, 185)
(183, 185)
(183, 184)
(182, 184)
(181, 184)
(180, 184)
(180, 185)
(179, 185)
(179, 184)
(179, 183)
(178, 183)
(178, 184)
(177, 184)
(176, 184)
(176, 185)
(176, 186)
(176, 187)
(175, 187)
(174, 187)
(174, 188)
(173, 188)
(172, 188)
(171, 188)
(171, 189)
(170, 189)
(169, 189)
(169, 190)
(168, 190)
(168, 191)
(169, 191)
(170, 191)
(170, 192)
(170, 193)
(171, 193)
(172, 193)
(172, 192)
(173, 192)
(173, 193)
(174, 193)
(174, 194)
(173, 194)
(172, 194)
(171, 194)
(170, 194)
(170, 195)
(170, 196)
(170, 197)
(169, 197)
(169, 196)
(168, 196)
(168, 197)
(167, 197)
(166, 197)
(166, 196)
(166, 195)
(165, 195)
(164, 195)
(163, 195)
(163, 196)
(163, 197)
(163, 198)
(164, 198)
(164, 199)
(163, 199)
(163, 200)
(164, 200)
(164, 201)
(164, 202)
(164, 203)
(163, 203)
(162, 203)
(161, 203)
(161, 202)
(161, 201)
(160, 201)
(160, 200)
(159, 200)
(158, 200)
(157, 200)
(156, 200)
(156, 201)
(156, 202)
(156, 203)
(155, 203)
(154, 203)
(153, 203)
(153, 202)
(152, 202)
(151, 202)
(151, 201)
(150, 201)
(149, 201)
(148, 201)
(147, 201)
(146, 201)
(145, 201)
(145, 200)
(144, 200)
(143, 200)
(143, 201)
(143, 202)
(143, 203)
(143, 204)
(143, 205)
(143, 206)
(144, 206)
(144, 207)
(144, 208)
(143, 208)
(142, 208)
(141, 208)
(141, 209)
(140, 209)
(140, 210)
(140, 211)
(141, 211)
(141, 212)
(140, 212)
(140, 213)
(139, 213)
(138, 213)
(137, 213)
(136, 213)
(135, 213)
(135, 214)
(134, 214)
(133, 214)
(132, 214)
(131, 214)
(130, 214)
(129, 214)
(129, 215)
(129, 216)
(128, 216)
(127, 216)
(126, 216)
(125, 216)
(124, 216)
(124, 215)
(125, 215)
(125, 214)
(124, 214)
(123, 214)
(123, 213)
(123, 212)
(123, 211)
(122, 211)
(121, 211)
(121, 210)
(121, 209)
(120, 209)
(119, 209)
(118, 209)
(117, 209)
(117, 208)
(116, 208)
(116, 207)
(116, 206)
(115, 206)
(115, 207)
(115, 208)
(114, 208)
(114, 209)
(113, 209)
(112, 209)
(112, 210)
(113, 210)
(113, 211)
(113, 212)
(112, 212)
(111, 212)
(110, 212)
(109, 212)
(109, 213)
(109, 214)
(109, 215)
(108, 215)
(108, 216)
(107, 216)
(107, 217)
(107, 218)
(107, 219)
(107, 220)
(106, 220)
(106, 221)
(106, 222)
(105, 222)
(105, 223)
(105, 224)
(105, 225)
(106, 225)
(106, 226)
(107, 226)
(108, 226)
(108, 227)
(107, 227)
(106, 227)
(106, 228)
(105, 228)
(104, 228)
(104, 229)
(103, 229)
(103, 228)
(102, 228)
(102, 229)
(101, 229)
(101, 228)
(100, 228)
(100, 227)
(99, 227)
(99, 226)
(99, 225)
(98, 225)
(98, 224)
(98, 223)
(98, 222)
(97, 222)
(96, 222)
(96, 223)
(95, 223)
(95, 222)
(95, 221)
(95, 220)
(95, 219)
(94, 219)
(93, 219)
(93, 220)
(92, 220)
(91, 220)
(90, 220)
(90, 221)
(89, 221)
(88, 221)
(88, 222)
(88, 223)
(88, 224)
(88, 225)
(87, 225)
(86, 225)
(86, 226)
(87, 226)
(88, 226)
(89, 226)
(90, 226)
(90, 227)
(90, 228)
(91, 228)
(91, 229)
(92, 229)
(92, 230)
(92, 231)
(92, 232)
(92, 233)
(92, 234)
(92, 235)
(91, 235)
(90, 235)
(89, 235)
(89, 236)
(89, 237)
(88, 237)
(88, 236)
(87, 236)
(87, 235)
(87, 234)
(87, 233)
(86, 233)
(86, 234)
(85, 234)
(84, 234)
(84, 233)
(84, 232)
(84, 231)
(84, 230)
(83, 230)
(83, 229)
(83, 228)
(82, 228)
(81, 228)
(81, 229)
(81, 230)
(81, 231)
(81, 232)
(80, 232)
(79, 232)
(79, 233)
(79, 234)
(78, 234)
(77, 234)
(77, 235)
(76, 235)
(76, 236)
(75, 236)
(75, 237)
(74, 237)
(73, 237)
(73, 236)
(72, 236)
(71, 236)
(70, 236)
(70, 235)
(69, 235)
(69, 234)
(69, 233)
(68, 233)
(68, 232)
(67, 232)
(66, 232)
(66, 231)
(66, 230)
(65, 230)
(64, 230)
(63, 230)
(62, 230)
(62, 229)
(62, 228)
(62, 227)
(61, 227)
(60, 227)
(59, 227)
(59, 228)
(59, 229)
(59, 230)
(59, 231)
(58, 231)
(58, 232)
(58, 233)
(58, 234)
(58, 235)
(58, 236)
(58, 237)
(58, 238)
(57, 238)
(57, 239)
(56, 239)
(56, 238)
(56, 237)
(55, 237)
(54, 237)
(54, 238)
(53, 238)
(52, 238)
(51, 238)
(51, 237)
(50, 237)
(49, 237)
(49, 238)
(48, 238)
(48, 239)
(48, 240)
(48, 241)
(48, 242)
(48, 243)
(49, 243)
(50, 243)
(50, 244)
(51, 244)
(51, 245)
(50, 245)
(50, 246)
(50, 247)
(49, 247)
(48, 247)
(47, 247)
(46, 247)
(46, 248)
(46, 249)
(46, 250)
(46, 251)
(45, 251)
(45, 252)
(44, 252)
(43, 252)
(43, 251)
(42, 251)
(41, 251)
(41, 252)
(40, 252)
(40, 253)
(40, 254)
(39, 254)
(39, 255)
(38, 255)
(38, 256)
(38, 257)
(38, 258)
(37, 258)
(37, 259)
(36, 259)
(35, 259)
(34, 259)
(33, 259)
(32, 259)
(32, 260)
(32, 261)
(32, 262)
(33, 262)
(33, 261)
(34, 261)
(35, 261)
(36, 261)
(36, 262)
(35, 262)
(35, 263)
(34, 263)
(34, 264)
(34, 265)
(34, 266)
(33, 266)
(32, 266)
(31, 266)
(31, 265)
(30, 265)
(29, 265)
(28, 265)
(28, 266)
(27, 266)
(26, 266)
(26, 267)
(25, 267)
(25, 268)
(24, 268)
(24, 269)
(25, 269)
(25, 270)
(25, 271)
(25, 272)
(26, 272)
(26, 273)
(27, 273)
(28, 273)
(29, 273)
(30, 273)
(30, 274)
(31, 274)
(31, 275)
(31, 276)
(31, 277)
(31, 278)
(32, 278)
(33, 278)
(33, 277)
(33, 276)
(34, 276)
(35, 276)
(35, 277)
(35, 278)
(35, 279)
(35, 280)
(35, 281)
(34, 281)
(34, 282)
(35, 282)
(35, 283)
(36, 283)
(36, 284)
(35, 284)
(35, 285)
(35, 286)
(34, 286)
(33, 286)
(33, 287)
(33, 288)
(33, 289)
(32, 289)
(32, 290)
(32, 291)
(32, 292)
(33, 292)
(33, 293)
(34, 293)
(35, 293)
(35, 294)
(35, 295)
(35, 296)
(35, 297)
(36, 297)
(36, 298)
(37, 298)
(37, 299)
(37, 300)
(37, 301)
(38, 301)
(38, 300)
(38, 299)
(38, 298)
(38, 297)
(38, 296)
(38, 295)
(38, 294)
(38, 293)
(38, 292)
(39, 292)
(39, 293)
(40, 293)
(40, 294)
(40, 295)
(41, 295)
(41, 296)
(42, 296)
(43, 296)
(43, 295)
(44, 295)
(45, 295)
(46, 295)
(46, 294)
(46, 293)
(46, 292)
(46, 291)
(47, 291)
(48, 291)
(48, 292)
(49, 292)
(49, 291)
(50, 291)
(51, 291)
(51, 290)
(51, 289)
(52, 289)
(52, 288)
(52, 287)
(51, 287)
(50, 287)
(50, 286)
(51, 286)
(51, 285)
(52, 285)
(52, 284)
(53, 284)
(54, 284)
(55, 284)
(55, 283)
(54, 283)
(54, 282)
(55, 282)
(56, 282)
(56, 283)
(56, 284)
(57, 284)
(58, 284)
(59, 284)
(59, 285)
(58, 285)
(58, 286)
(58, 287)
(59, 287)
(59, 288)
(60, 288)
(60, 289)
(59, 289)
(59, 290)
(59, 291)
(59, 292)
(60, 292)
(60, 293)
(61, 293)
(61, 294)
(62, 294)
(62, 295)
(62, 296)
(62, 297)
(63, 297)
(63, 298)
(62, 298)
(62, 299)
(62, 300)
(62, 301)
(62, 302)
(62, 303)
(62, 304)
(63, 304)
(63, 305)
(63, 306)
(62, 306)
(62, 307)
(62, 308)
(62, 309)
(62, 310)
(62, 311)
(62, 312)
(63, 312)
(64, 312)
(64, 313)
(63, 313)
(63, 314)
(63, 315)
(62, 315)
(62, 316)
(62, 317)
(61, 317)
(61, 318)
(62, 318)
(63, 318)
(63, 319)
(62, 319)
(61, 319)
(61, 320)
(60, 320)
(60, 321)
(60, 322)
(61, 322)
(61, 323)
(62, 323)
(63, 323)
(64, 323)
(65, 323)
(65, 324)
(65, 325)
(65, 326)
(65, 327)
(66, 327)
(66, 328)
(65, 328)
(65, 329)
(65, 330)
(66, 330)
(66, 331)
(67, 331)
(68, 331)
(69, 331)
(69, 332)
(68, 332)
(67, 332)
(66, 332)
(65, 332)
(64, 332)
(64, 333)
(64, 334)
(64, 335)
(64, 336)
(65, 336)
(66, 336)
(66, 337)
(66, 338)
(66, 339)
(66, 340)
(67, 340)
(67, 339)
(68, 339)
(69, 339)
(69, 340)
(69, 341)
(70, 341)
(70, 340)
(70, 339)
(70, 338)
(71, 338)
(71, 337)
(71, 336)
(72, 336)
(72, 335)
(73, 335)
(73, 334)
(73, 333)
(74, 333)
(74, 332)
(74, 331)
(75, 331)
(76, 331)
(76, 332)
(75, 332)
(75, 333)
(75, 334)
(76, 334)
(76, 335)
(77, 335)
(77, 336)
(78, 336)
(78, 337)
(77, 337)
(76, 337)
(76, 338)
(76, 339)
(77, 339)
(77, 340)
(77, 341)
(78, 341)
(78, 342)
(78, 343)
(79, 343)
(79, 342)
(80, 342)
(81, 342)
(82, 342)
(82, 341)
(81, 341)
(80, 341)
(80, 340)
(80, 339)
(81, 339)
(82, 339)
(82, 338)
(82, 337)
(83, 337)
(84, 337)
(85, 337)
(85, 338)
(84, 338)
(84, 339)
(85, 339)
(86, 339)
(86, 340)
(86, 341)
(85, 341)
(84, 341)
(84, 342)
(84, 343)
(85, 343)
(86, 343)
(87, 343)
(88, 343)
(88, 344)
(88, 345)
(88, 346)
(88, 347)
(87, 347)
(87, 348)
(87, 349)
(86, 349)
(85, 349)
(85, 348)
(84, 348)
(84, 349)
(84, 350)
(84, 351)
(84, 352)
(85, 352)
(85, 353)
(86, 353)
(86, 352)
(87, 352)
(88, 352)
(88, 351)
(88, 350)
(89, 350)
(90, 350)
(91, 350)
(92, 350)
(92, 349)
(92, 348)
(93, 348)
(94, 348)
(95, 348)
(96, 348)
(96, 349)
(96, 350)
(95, 350)
(95, 351)
(96, 351)
(96, 352)
(95, 352)
(95, 353)
(95, 354)
(95, 355)
(96, 355)
(96, 356)
(96, 357)
(97, 357)
(97, 358)
(98, 358)
(99, 358)
(99, 359)
(100, 359)
(101, 359)
(101, 360)
(102, 360)
(103, 360)
(104, 360)
(104, 359)
(105, 359)
(106, 359)
(107, 359)
(107, 358)
(107, 357)
(108, 357)
(108, 356)
(109, 356)
(109, 355)
(109, 354)
(108, 354)
(107, 354)
(107, 353)
(108, 353)
(109, 353)
(110, 353)
(111, 353)
(112, 353)
(112, 352)
(112, 351)
(111, 351)
(111, 350)
(110, 350)
(110, 349)
(110, 348)
(110, 347)
(111, 347)
(111, 346)
(112, 346)
(113, 346)
(114, 346)
(114, 345)
(115, 345)
(115, 344)
(115, 343)
(115, 342)
(116, 342)
(116, 341)
(117, 341)
(117, 340)
(117, 339)
(118, 339)
(118, 340)
(119, 340)
(119, 339)
(120, 339)
(120, 340)
(120, 341)
(121, 341)
(122, 341)
(122, 342)
(122, 343)
(122, 344)
(123, 344)
(123, 345)
(124, 345)
(124, 346)
(125, 346)
(125, 345)
(126, 345)
(126, 344)
(127, 344)
(127, 343)
(128, 343)
(128, 342)
(128, 341)
(129, 341)
(130, 341)
(131, 341)
(131, 342)
(132, 342)
(132, 343)
(132, 344)
(132, 345)
(131, 345)
(130, 345)
(129, 345)
(129, 346)
(128, 346)
(128, 347)
(128, 348)
(129, 348)
(129, 349)
(130, 349)
(131, 349)
(131, 350)
(131, 351)
(132, 351)
(133, 351)
(133, 352)
(133, 353)
(134, 353)
(134, 354)
(134, 355)
(133, 355)
(132, 355)
(132, 354)
(132, 353)
(131, 353)
(130, 353)
(129, 353)
(129, 352)
(128, 352)
(128, 353)
(127, 353)
(126, 353)
(126, 354)
(125, 354)
(125, 355)
(124, 355)
(124, 356)
(123, 356)
(123, 355)
(122, 355)
(121, 355)
(120, 355)
(120, 356)
(119, 356)
(119, 355)
(118, 355)
(117, 355)
(117, 356)
(117, 357)
(117, 358)
(116, 358)
(116, 359)
(117, 359)
(117, 360)
(118, 360)
(118, 361)
(118, 362)
(119, 362)
(119, 363)
(119, 364)
(120, 364)
(121, 364)
(122, 364)
(122, 365)
(123, 365)
(124, 365)
(124, 364)
(125, 364)
(125, 365)
(126, 365)
(127, 365)
(127, 366)
(127, 367)
(126, 367)
(126, 368)
(126, 369)
(125, 369)
(125, 370)
(126, 370)
(126, 371)
(127, 371)
(127, 372)
(126, 372)
(126, 373)
(126, 374)
(127, 374)
(127, 375)
(126, 375)
(125, 375)
(124, 375)
(124, 376)
(123, 376)
(122, 376)
(122, 377)
(122, 378)
(121, 378)
(121, 379)
(121, 380)
(121, 381)
(121, 382)
(121, 383)
(122, 383)
(122, 384)
(121, 384)
(121, 385)
(121, 386)
(120, 386)
(120, 387)
(120, 388)
(121, 388)
(121, 389)
(121, 390)
(121, 391)
(120, 391)
(120, 390)
(119, 390)
(119, 391)
(118, 391)
(117, 391)
(116, 391)
(116, 392)
(116, 393)
(117, 393)
(118, 393)
(118, 394)
(118, 395)
(118, 396)
(117, 396)
(117, 397)
(118, 397)
(118, 398)
(118, 399)
(118, 400)
(119, 400)
(120, 400)
(120, 401)
(119, 401)
(119, 402)
(118, 402)
(118, 403)
(117, 403)
(117, 402)
(116, 402)
(116, 403)
(115, 403)
(114, 403)
(113, 403)
(113, 404)
(112, 404)
(111, 404)
(110, 404)
(110, 405)
(111, 405)
(111, 406)
(111, 407)
(111, 408)
(111, 409)
(110, 409)
(109, 409)
(108, 409)
(108, 408)
(108, 407)
(107, 407)
(106, 407)
(106, 408)
(105, 408)
(105, 409)
(105, 410)
(104, 410)
(104, 409)
(104, 408)
(104, 407)
(103, 407)
(102, 407)
(102, 406)
(102, 405)
(101, 405)
(101, 406)
(101, 407)
(100, 407)
(99, 407)
(98, 407)
(97, 407)
(96, 407)
(96, 408)
(96, 409)
(96, 410)
(97, 410)
(97, 411)
(97, 412)
(97, 413)
(97, 414)
(97, 415)
(97, 416)
(98, 416)
(98, 417)
(98, 418)
(98, 419)
(98, 420)
(98, 421)
(98, 422)
(98, 423)
(99, 423)
(99, 424)
(100, 424)
(100, 425)
(100, 426)
(101, 426)
(102, 426)
(103, 426)
(103, 427)
(103, 428)
(102, 428)
(101, 428)
(101, 429)
(101, 430)
(102, 430)
(103, 430)
(103, 431)
(103, 432)
(103, 433)
(104, 433)
(104, 434)
(105, 434)
(105, 435)
(106, 435)
(106, 436)
(106, 437)
(107, 437)
(107, 438)
(107, 439)
(107, 440)
(108, 440)
(108, 439)
(109, 439)
(110, 439)
(110, 440)
(111, 440)
(111, 441)
(111, 442)
(111, 443)
(112, 443)
(112, 444)
(112, 445)
(113, 445)
(113, 446)
(114, 446)
(114, 447)
(114, 448)
(115, 448)
(115, 449)
(116, 449)
(117, 449)
(118, 449)
(118, 450)
(119, 450)
(119, 451)
(120, 451)
(120, 452)
(120, 453)
(119, 453)
(119, 454)
(119, 455)
(118, 455)
(117, 455)
(117, 456)
(116, 456)
(115, 456)
(114, 456)
(113, 456)
(112, 456)
(111, 456)
(110, 456)
(110, 455)
(109, 455)
(109, 456)
(108, 456)
(107, 456)
(107, 457)
(108, 457)
(108, 458)
(109, 458)
(110, 458)
(110, 459)
(110, 460)
(110, 461)
(111, 461)
(111, 460)
(112, 460)
(113, 460)
(114, 460)
(114, 461)
(115, 461)
(116, 461)
(116, 462)
(116, 463)
(115, 463)
(114, 463)
(113, 463)
(113, 464)
(113, 465)
(114, 465)
(115, 465)
(115, 466)
(115, 467)
(116, 467)
(116, 468)
(116, 469)
(117, 469)
(117, 470)
(117, 471)
(116, 471)
(116, 472)
(116, 473)
(116, 474)
(115, 474)
(115, 473)
(114, 473)
(114, 472)
(113, 472)
(112, 472)
(111, 472)
(110, 472)
(109, 472)
(108, 472)
(107, 472)
(107, 473)
(106, 473)
(106, 474)
(107, 474)
(107, 475)
(106, 475)
(106, 476)
(106, 477)
(106, 478)
(107, 478)
(107, 479)
(108, 479)
(108, 480)
(108, 481)
(108, 482)
(108, 483)
(109, 483)
(109, 484)
(110, 484)
(111, 484)
(111, 485)
(111, 486)
(110, 486)
(110, 487)
(109, 487)
(109, 488)
(108, 488)
(108, 487)
(107, 487)
(107, 486)
(106, 486)
(106, 487)
(105, 487)
(105, 488)
(104, 488)
(104, 489)
(104, 490)
(103, 490)
(103, 489)
(102, 489)
(102, 490)
(101, 490)
(101, 491)
(101, 492)
(100, 492)
(99, 492)
(98, 492)
(97, 492)
(97, 493)
(98, 493)
(98, 494)
(97, 494)
(97, 495)
(96, 495)
(96, 496)
(95, 496)
(94, 496)
(94, 495)
(94, 494)
(93, 494)
(93, 495)
(92, 495)
(92, 494)
(91, 494)
(90, 494)
(89, 494)
(88, 494)
(88, 495)
(88, 496)
(88, 497)
(89, 497)
(90, 497)
(90, 498)
(90, 499)
(89, 499)
(88, 499)
(88, 500)
(88, 501)
(89, 501)
(89, 502)
(89, 503)
(89, 504)
(89, 505)
(89, 506)
(89, 507)
(89, 508)
(89, 509)
(90, 509)
(90, 510)
(90, 511)
(89, 511)
(89, 512)
(90, 512)
(90, 513)
(89, 513)
(89, 514)
(89, 515)
(89, 516)
(89, 517)
(89, 518)
(89, 519)
(89, 520)
(88, 520)
(87, 520)
(87, 521)
(87, 522)
(86, 522)
(86, 523)
(87, 523)
(88, 523)
(88, 522)
(89, 522)
(90, 522)
(91, 522)
(92, 522)
(93, 522)
(93, 523)
(93, 524)
(92, 524)
(92, 525)
(92, 526)
(92, 527)
(93, 527)
(94, 527)
(94, 528)
(94, 529)
(95, 529)
(95, 528)
(96, 528)
(97, 528)
(98, 528)
(98, 529)
(98, 530)
(99, 530)
(99, 531)
(100, 531)
(100, 532)
(101, 532)
(102, 532)
(103, 532)
(103, 533)
(103, 534)
(104, 534)
(104, 535)
(104, 536)
(105, 536)
(106, 536)
(107, 536)
(107, 537)
(106, 537)
(106, 538)
(106, 539)
(105, 539)
(105, 540)
(104, 540)
(103, 540)
(102, 540)
(102, 541)
(103, 541)
(104, 541)
(104, 542)
(104, 543)
(104, 544)
(105, 544)
(105, 543)
(106, 543)
(106, 542)
(106, 541)
(107, 541)
(107, 542)
(108, 542)
(109, 542)
(110, 542)
(110, 541)
(110, 540)
(110, 539)
(110, 538)
(110, 537)
(110, 536)
(109, 536)
(109, 535)
(110, 535)
(111, 535)
(111, 534)
(112, 534)
(112, 535)
(112, 536)
(113, 536)
(114, 536)
(114, 537)
(115, 537)
(116, 537)
(116, 536)
(117, 536)
(118, 536)
(119, 536)
(119, 535)
(120, 535)
(121, 535)
(121, 534)
(122, 534)
(122, 535)
(123, 535)
(124, 535)
(125, 535)
(126, 535)
(126, 536)
(126, 537)
(127, 537)
(128, 537)
(128, 538)
(129, 538)
(129, 537)
(129, 536)
(130, 536)
(130, 535)
(131, 535)
(131, 534)
(132, 534)
(133, 534)
(134, 534)
(134, 533)
(135, 533)
(135, 534)
(135, 535)
(136, 535)
(137, 535)
(138, 535)
(138, 536)
(138, 537)
(138, 538)
(137, 538)
(136, 538)
(136, 539)
(137, 539)
(138, 539)
(138, 540)
(137, 540)
(137, 541)
(136, 541)
(136, 542)
(136, 543)
(137, 543)
(138, 543)
(138, 542)
(139, 542)
(140, 542)
(140, 541)
(141, 541)
(141, 540)
(142, 540)
(142, 541)
(142, 542)
(143, 542)
(143, 543)
(144, 543)
(144, 544)
(144, 545)
(145, 545)
(145, 544)
(146, 544)
(146, 543)
(145, 543)
(145, 542)
(146, 542)
(147, 542)
(148, 542)
(149, 542)
(149, 541)
(150, 541)
(150, 542)
(150, 543)
(151, 543)
(152, 543)
(153, 543)
(154, 543)
(154, 542)
(154, 541)
(155, 541)
(155, 540)
(154, 540)
(154, 539)
(154, 538)
(154, 537)
(155, 537)
(156, 537)
(156, 538)
(156, 539)
(157, 539)
(158, 539)
(158, 540)
(159, 540)
(160, 540)
(161, 540)
(162, 540)
(163, 540)
(163, 541)
(162, 541)
(161, 541)
(161, 542)
(162, 542)
(162, 543)
(163, 543)
(163, 544)
(163, 545)
(163, 546)
(163, 547)
(164, 547)
(164, 546)
(165, 546)
(165, 547)
(165, 548)
(166, 548)
(166, 549)
(167, 549)
(168, 549)
(168, 550)
(169, 550)
(169, 549)
(170, 549)
(170, 548)
(171, 548)
(171, 547)
(172, 547)
(172, 546)
(172, 545)
(172, 544)
(173, 544)
(173, 545)
(173, 546)
(173, 547)
(173, 548)
(173, 549)
(173, 550)
(174, 550)
(175, 550)
(175, 551)
(175, 552)
(176, 552)
(176, 553)
(176, 554)
(177, 554)
(177, 555)
(177, 556)
(177, 557)
(178, 557)
(179, 557)
(179, 558)
(179, 559)
(179, 560)
(179, 561)
(180, 561)
(181, 561)
(181, 562)
(181, 563)
(181, 564)
(181, 565)
(182, 565)
(183, 565)
